----------------------------------------------------------------------------------------------------------------------------------
Generation  1 :
Initial Population
[5.940958997724998, -8.652220219853359e-18, 6.677700078104483e-06, 6.795915377930111e-09, -1.2486049836655162, 4.658673383156301e-20, 3.62926251288518e-21, 7.928454175997782e-14, 1.0563239599063873e-07, -5.177552892941382e-15, -1.2958694823822142e-15]
[4.882489629120099, -9.5087778678941e-18, 8.428279212800551e-06, 8.84565253548543e-09, -1.2486049836655162, 3.807843899995139e-20, 2.2308143486205968e-21, 1.0473344413072054e-13, 1.0563239599063873e-07, -6.025999423033705e-15, -1.449167628450524e-15]
[7.101458475850243, -9.442222002804956e-18, 8.114508553746187e-06, 7.3061422714928275e-09, -1.2486049836655162, 4.0983206273921005e-20, 2.8848617111563824e-21, 1.4601583479037506e-13, 1.0563239599063873e-07, -6.571037333525051e-15, -1.7665509656744298e-15]
[5.776204167043479, -1.0848506640879276e-17, 7.689636539640734e-06, 8.090745692328899e-09, -1.2359605973885468, 5.48994809615468e-20, 3.192009281378039e-21, 8.378292189907974e-14, 1.0563239599063873e-07, -6.025999423033705e-15, -1.9932824453654602e-15]
[6.5078405466253475, -8.670786338201605e-18, 7.903742845625263e-06, 8.090745692328899e-09, -1.2892783114382884, 4.5167867755326576e-20, 2.4593723450974956e-21, 8.999750826401718e-14, 1.2185825099975483e-07, -6.987698818757506e-15, -1.5381718184459578e-15]
[4.882489629120099, -8.526699492360276e-18, 7.528259649880711e-06, 7.510251858818332e-09, -1.2666633707827384, 4.3911992446747374e-20, 2.507033536356758e-21, 9.640786044588812e-14, 1.254861019046834e-07, -3.964921501686986e-15, -1.2725016823592118e-15]
[6.5078405466253475, -1.0643841123633976e-17, 9.213211014530435e-06, 5.041889587177004e-09, -1.0947123762785753, 4.2075792436120103e-20, 3.1105354541274075e-21, 1.5179296734343344e-13, 9.624698088831116e-08, -6.6918884565723144e-15, -1.2993239447676902e-15]
[3.6663563577867966, -8.198473298890076e-18, 9.666593792387566e-06, 7.335314555008657e-09, -1.126210752976172, 3.807843899995139e-20, 4.605896802501692e-21, 9.247763865104324e-14, 1.0508552595908502e-07, -5.347189189146428e-15, -1.0349804422810823e-15]
[5.8983692127439316, -1.1353651185181048e-17, 8.114508553746187e-06, 6.666458130523484e-09, -1.504514776858818, 4.150680880521814e-20, 1.8668072545897473e-21, 1.4601583479037506e-13, 1.230454499497726e-07, -5.109532882129807e-15, -1.7361835554075412e-15]
[4.050970322788111, -7.977635469486475e-18, 8.405712862937772e-06, 7.007588490777068e-09, -1.0026335954844023, 5.0045253762319e-20, 1.8258651735208368e-21, 1.4601583479037506e-13, 9.516836418429882e-08, -6.571037333525051e-15, -1.7836894294550017e-15]

After Selection
[5.940958997724998, -8.652220219853359e-18, 6.677700078104483e-06, 6.795915377930111e-09, -1.2486049836655162, 4.658673383156301e-20, 3.62926251288518e-21, 7.928454175997782e-14, 1.0563239599063873e-07, -5.177552892941382e-15, -1.2958694823822142e-15]
[4.882489629120099, -9.5087778678941e-18, 8.428279212800551e-06, 8.84565253548543e-09, -1.2486049836655162, 3.807843899995139e-20, 2.2308143486205968e-21, 1.0473344413072054e-13, 1.0563239599063873e-07, -6.025999423033705e-15, -1.449167628450524e-15]
[7.101458475850243, -9.442222002804956e-18, 8.114508553746187e-06, 7.3061422714928275e-09, -1.2486049836655162, 4.0983206273921005e-20, 2.8848617111563824e-21, 1.4601583479037506e-13, 1.0563239599063873e-07, -6.571037333525051e-15, -1.7665509656744298e-15]

After Crossover
[5.940958997724998, -8.652220219853359e-18, 6.677700078104483e-06, 6.795915377930111e-09, -1.2486049836655162, 4.658673383156301e-20, 3.62926251288518e-21, 7.928454175997782e-14, 1.0563239599063873e-07, -5.177552892941382e-15, -1.2958694823822142e-15]
[4.882489629120099, -9.5087778678941e-18, 8.428279212800551e-06, 8.84565253548543e-09, -1.2486049836655162, 3.807843899995139e-20, 2.2308143486205968e-21, 1.0473344413072054e-13, 1.0563239599063873e-07, -6.025999423033705e-15, -1.449167628450524e-15]
[7.101458475850243, -9.442222002804956e-18, 8.114508553746187e-06, 7.3061422714928275e-09, -1.2486049836655162, 4.0983206273921005e-20, 2.8848617111563824e-21, 1.4601583479037506e-13, 1.0563239599063873e-07, -6.571037333525051e-15, -1.7665509656744298e-15]
[4.882489629120099, -9.5087778678941e-18, 8.428279212800551e-06, 7.3061422714928275e-09, -1.2486049836655162, 4.0983206273921005e-20, 2.8848617111563824e-21, 1.0473344413072054e-13, 1.0563239599063873e-07, -6.571037333525051e-15, -1.7665509656744298e-15]
[3.6663563577867966, -8.198473298890076e-18, 9.213211014530435e-06, 6.795915377930111e-09, -1.126210752976172, 3.807843899995139e-20, 3.1105354541274075e-21, 1.4601583479037506e-13, 1.0563239599063873e-07, -5.347189189146428e-15, -1.0349804422810823e-15]
[4.882489629120099, -8.526699492360276e-18, 7.689636539640734e-06, 5.041889587177004e-09, -1.2359605973885468, 5.48994809615468e-20, 2.507033536356758e-21, 1.5179296734343344e-13, 1.0563239599063873e-07, -6.025999423033705e-15, -1.9932824453654602e-15]
[4.050970322788111, -1.1353651185181048e-17, 8.114508553746187e-06, 6.666458130523484e-09, -1.0026335954844023, 5.0045253762319e-20, 1.8258651735208368e-21, 1.4601583479037506e-13, 9.516836418429882e-08, -5.109532882129807e-15, -1.7836894294550017e-15]
[5.8983692127439316, -9.442222002804956e-18, 9.213211014530435e-06, 5.041889587177004e-09, -1.0947123762785753, 4.2075792436120103e-20, 3.1105354541274075e-21, 1.4601583479037506e-13, 1.230454499497726e-07, -6.571037333525051e-15, -1.7665509656744298e-15]
[6.5078405466253475, -8.670786338201605e-18, 7.903742845625263e-06, 8.090745692328899e-09, -1.2892783114382884, 4.658673383156301e-20, 2.4593723450974956e-21, 8.999750826401718e-14, 1.0563239599063873e-07, -5.109532882129807e-15, -1.5381718184459578e-15]
[7.101458475850243, -9.442222002804956e-18, 9.213211014530435e-06, 7.335314555008657e-09, -1.0947123762785753, 4.0983206273921005e-20, 2.8848617111563824e-21, 1.4601583479037506e-13, 1.0563239599063873e-07, -6.6918884565723144e-15, -1.7665509656744298e-15]

After Mutation
[5.940958997724998, -8.652220219853359e-18, 6.677700078104483e-06, 6.795915377930111e-09, -1.2486049836655162, 4.658673383156301e-20, 3.62926251288518e-21, 7.928454175997782e-14, 1.0563239599063873e-07, -5.177552892941382e-15, -1.2958694823822142e-15]
[4.882489629120099, -9.5087778678941e-18, 8.428279212800551e-06, 8.84565253548543e-09, -1.2486049836655162, 3.807843899995139e-20, 2.2308143486205968e-21, 1.0473344413072054e-13, 1.0563239599063873e-07, -6.025999423033705e-15, -1.449167628450524e-15]
[7.101458475850243, -9.442222002804956e-18, 8.114508553746187e-06, 7.3061422714928275e-09, -1.2486049836655162, 4.0983206273921005e-20, 2.8848617111563824e-21, 1.4601583479037506e-13, 1.0563239599063873e-07, -6.571037333525051e-15, -1.7665509656744298e-15]
[4.882489629120099, -1.1194387367952874e-17, 9.360785706726374e-06, 6.8506708567202425e-09, -1.2486049836655162, 4.9235053677787285e-20, 2.8497188406485115e-21, 1.0473344413072054e-13, 1.0025306609775526e-07, -5.032530073548552e-15, -1.7916758831980274e-15]
[3.6663563577867966, -8.198473298890076e-18, 9.213211014530435e-06, 8.414079798800898e-09, -1.126210752976172, 4.178977415358728e-20, 3.860347026931928e-21, 1.6751141411332018e-13, 1.0563239599063873e-07, -5.049380100513506e-15, -8.703145512262962e-16]
[4.826539873713454, -8.75491506048718e-18, 9.264401066345358e-06, 4.905787293940466e-09, -1.2359605973885468, 5.109569227569301e-20, 2.5764227856103334e-21, 1.5179296734343344e-13, 1.0843607536706841e-07, -6.025999423033705e-15, -1.9065263434058507e-15]
[4.466818310193241, -1.2666066767565667e-17, 8.290716689845657e-06, 5.175924464374092e-09, -0.9024350793234784, 4.066367526475108e-20, 1.7408831956470546e-21, 1.479576474896272e-13, 9.942919227090672e-08, -5.907609470428744e-15, -1.4202361542183348e-15]
[5.8863381581614895, -9.442222002804956e-18, 7.5528838898530296e-06, 5.961860934459674e-09, -0.9919487978875795, 4.9411868943475e-20, 3.1105354541274075e-21, 1.4601583479037506e-13, 1.230454499497726e-07, -5.487424998143048e-15, -1.4975741707195828e-15]
[5.901486773946909, -6.702880171973376e-18, 6.659248126657433e-06, 8.872281550057947e-09, -1.5666962531255832, 4.658673383156301e-20, 2.6336514273136244e-21, 8.999750826401718e-14, 1.0563239599063873e-07, -5.434266906901555e-15, -1.8013043810597016e-15]
[8.152394619929858, -9.236705552431513e-18, 7.219486848764745e-06, 8.716005909292546e-09, -1.0678389289755026, 4.0983206273921005e-20, 2.4411779443208553e-21, 1.4601583479037506e-13, 8.517363920749878e-08, -6.510456232013222e-15, -1.343490799179062e-15]

----------------------------------------------------------------------------------------------------------------------------------
Generation  2 :
Initial Population
[5.940958997724998, -8.652220219853359e-18, 6.677700078104483e-06, 6.795915377930111e-09, -1.2486049836655162, 4.658673383156301e-20, 3.62926251288518e-21, 7.928454175997782e-14, 1.0563239599063873e-07, -5.177552892941382e-15, -1.2958694823822142e-15]
[4.882489629120099, -9.5087778678941e-18, 8.428279212800551e-06, 8.84565253548543e-09, -1.2486049836655162, 3.807843899995139e-20, 2.2308143486205968e-21, 1.0473344413072054e-13, 1.0563239599063873e-07, -6.025999423033705e-15, -1.449167628450524e-15]
[7.101458475850243, -9.442222002804956e-18, 8.114508553746187e-06, 7.3061422714928275e-09, -1.2486049836655162, 4.0983206273921005e-20, 2.8848617111563824e-21, 1.4601583479037506e-13, 1.0563239599063873e-07, -6.571037333525051e-15, -1.7665509656744298e-15]
[4.826539873713454, -8.75491506048718e-18, 9.264401066345358e-06, 4.905787293940466e-09, -1.2359605973885468, 5.109569227569301e-20, 2.5764227856103334e-21, 1.5179296734343344e-13, 1.0843607536706841e-07, -6.025999423033705e-15, -1.9065263434058507e-15]
[4.882489629120099, -1.1194387367952874e-17, 9.360785706726374e-06, 6.8506708567202425e-09, -1.2486049836655162, 4.9235053677787285e-20, 2.8497188406485115e-21, 1.0473344413072054e-13, 1.0025306609775526e-07, -5.032530073548552e-15, -1.7916758831980274e-15]
[8.152394619929858, -9.236705552431513e-18, 7.219486848764745e-06, 8.716005909292546e-09, -1.0678389289755026, 4.0983206273921005e-20, 2.4411779443208553e-21, 1.4601583479037506e-13, 8.517363920749878e-08, -6.510456232013222e-15, -1.343490799179062e-15]
[3.6663563577867966, -8.198473298890076e-18, 9.213211014530435e-06, 8.414079798800898e-09, -1.126210752976172, 4.178977415358728e-20, 3.860347026931928e-21, 1.6751141411332018e-13, 1.0563239599063873e-07, -5.049380100513506e-15, -8.703145512262962e-16]
[5.901486773946909, -6.702880171973376e-18, 6.659248126657433e-06, 8.872281550057947e-09, -1.5666962531255832, 4.658673383156301e-20, 2.6336514273136244e-21, 8.999750826401718e-14, 1.0563239599063873e-07, -5.434266906901555e-15, -1.8013043810597016e-15]
[4.466818310193241, -1.2666066767565667e-17, 8.290716689845657e-06, 5.175924464374092e-09, -0.9024350793234784, 4.066367526475108e-20, 1.7408831956470546e-21, 1.479576474896272e-13, 9.942919227090672e-08, -5.907609470428744e-15, -1.4202361542183348e-15]
[5.8863381581614895, -9.442222002804956e-18, 7.5528838898530296e-06, 5.961860934459674e-09, -0.9919487978875795, 4.9411868943475e-20, 3.1105354541274075e-21, 1.4601583479037506e-13, 1.230454499497726e-07, -5.487424998143048e-15, -1.4975741707195828e-15]

After Selection
[5.940958997724998, -8.652220219853359e-18, 6.677700078104483e-06, 6.795915377930111e-09, -1.2486049836655162, 4.658673383156301e-20, 3.62926251288518e-21, 7.928454175997782e-14, 1.0563239599063873e-07, -5.177552892941382e-15, -1.2958694823822142e-15]
[4.882489629120099, -9.5087778678941e-18, 8.428279212800551e-06, 8.84565253548543e-09, -1.2486049836655162, 3.807843899995139e-20, 2.2308143486205968e-21, 1.0473344413072054e-13, 1.0563239599063873e-07, -6.025999423033705e-15, -1.449167628450524e-15]
[7.101458475850243, -9.442222002804956e-18, 8.114508553746187e-06, 7.3061422714928275e-09, -1.2486049836655162, 4.0983206273921005e-20, 2.8848617111563824e-21, 1.4601583479037506e-13, 1.0563239599063873e-07, -6.571037333525051e-15, -1.7665509656744298e-15]

After Crossover
[5.940958997724998, -8.652220219853359e-18, 6.677700078104483e-06, 6.795915377930111e-09, -1.2486049836655162, 4.658673383156301e-20, 3.62926251288518e-21, 7.928454175997782e-14, 1.0563239599063873e-07, -5.177552892941382e-15, -1.2958694823822142e-15]
[4.882489629120099, -9.5087778678941e-18, 8.428279212800551e-06, 8.84565253548543e-09, -1.2486049836655162, 3.807843899995139e-20, 2.2308143486205968e-21, 1.0473344413072054e-13, 1.0563239599063873e-07, -6.025999423033705e-15, -1.449167628450524e-15]
[7.101458475850243, -9.442222002804956e-18, 8.114508553746187e-06, 7.3061422714928275e-09, -1.2486049836655162, 4.0983206273921005e-20, 2.8848617111563824e-21, 1.4601583479037506e-13, 1.0563239599063873e-07, -6.571037333525051e-15, -1.7665509656744298e-15]
[5.940958997724998, -8.652220219853359e-18, 6.677700078104483e-06, 4.905787293940466e-09, -1.2486049836655162, 3.807843899995139e-20, 3.62926251288518e-21, 7.928454175997782e-14, 1.0563239599063873e-07, -6.025999423033705e-15, -1.2958694823822142e-15]
[4.882489629120099, -8.198473298890076e-18, 9.360785706726374e-06, 8.84565253548543e-09, -1.2486049836655162, 4.178977415358728e-20, 3.860347026931928e-21, 1.0473344413072054e-13, 1.0025306609775526e-07, -6.025999423033705e-15, -1.449167628450524e-15]
[7.101458475850243, -9.442222002804956e-18, 8.114508553746187e-06, 8.414079798800898e-09, -1.2486049836655162, 4.178977415358728e-20, 2.8848617111563824e-21, 1.6751141411332018e-13, 1.0563239599063873e-07, -6.571037333525051e-15, -1.7665509656744298e-15]
[5.901486773946909, -6.702880171973376e-18, 8.428279212800551e-06, 8.84565253548543e-09, -1.2486049836655162, 3.807843899995139e-20, 2.5764227856103334e-21, 1.5179296734343344e-13, 1.0563239599063873e-07, -6.025999423033705e-15, -1.9065263434058507e-15]
[4.882489629120099, -9.5087778678941e-18, 6.677700078104483e-06, 6.795915377930111e-09, -1.2486049836655162, 4.0983206273921005e-20, 2.2308143486205968e-21, 7.928454175997782e-14, 1.0563239599063873e-07, -6.025999423033705e-15, -1.2958694823822142e-15]
[5.940958997724998, -8.75491506048718e-18, 6.677700078104483e-06, 4.905787293940466e-09, -1.2486049836655162, 4.658673383156301e-20, 3.62926251288518e-21, 7.928454175997782e-14, 1.0563239599063873e-07, -5.177552892941382e-15, -1.9065263434058507e-15]
[5.940958997724998, -6.702880171973376e-18, 6.677700078104483e-06, 8.872281550057947e-09, -1.2486049836655162, 4.658673383156301e-20, 1.7408831956470546e-21, 7.928454175997782e-14, 9.942919227090672e-08, -5.177552892941382e-15, -1.4202361542183348e-15]

After Mutation
[5.940958997724998, -8.652220219853359e-18, 6.677700078104483e-06, 6.795915377930111e-09, -1.2486049836655162, 4.658673383156301e-20, 3.62926251288518e-21, 7.928454175997782e-14, 1.0563239599063873e-07, -5.177552892941382e-15, -1.2958694823822142e-15]
[4.882489629120099, -9.5087778678941e-18, 8.428279212800551e-06, 8.84565253548543e-09, -1.2486049836655162, 3.807843899995139e-20, 2.2308143486205968e-21, 1.0473344413072054e-13, 1.0563239599063873e-07, -6.025999423033705e-15, -1.449167628450524e-15]
[7.101458475850243, -9.442222002804956e-18, 8.114508553746187e-06, 7.3061422714928275e-09, -1.2486049836655162, 4.0983206273921005e-20, 2.8848617111563824e-21, 1.4601583479037506e-13, 1.0563239599063873e-07, -6.571037333525051e-15, -1.7665509656744298e-15]
[5.940958997724998, -1.0103580958537763e-17, 6.378620212649314e-06, 3.733452926725873e-09, -1.286346253623285, 4.3020577930357064e-20, 4.4354227229873475e-21, 6.903732675157323e-14, 1.0563239599063873e-07, -6.183777214211101e-15, -1.2958694823822142e-15]
[4.65881349752405, -9.400754412609058e-18, 9.360785706726374e-06, 6.9287678962647245e-09, -1.555693570675602, 3.336513286036969e-20, 3.392461048978644e-21, 8.504219189258965e-14, 9.96241109844213e-08, -5.876612290531054e-15, -1.4035054616319939e-15]
[7.101458475850243, -9.442222002804956e-18, 6.28073116298483e-06, 8.414079798800898e-09, -1.5510196637846865, 4.871499432682451e-20, 2.513328094564185e-21, 1.6751141411332018e-13, 1.1933842458329932e-07, -8.209085538732494e-15, -1.7302084041505298e-15]
[6.760423910079439, -6.702880171973376e-18, 6.482828023594949e-06, 9.561609868337041e-09, -1.5151845212374577, 3.807843899995139e-20, 3.0724289057539503e-21, 1.5179296734343344e-13, 1.2062623825120038e-07, -5.400593862450931e-15, -1.6180531259925288e-15]
[4.882489629120099, -7.889638180348081e-18, 5.522914392916404e-06, 6.795915377930111e-09, -1.2486049836655162, 4.0524578524061717e-20, 2.566665959855237e-21, 8.375499761149511e-14, 9.26314831605491e-08, -5.449261599055111e-15, -1.2063327094404995e-15]
[6.101840706373544, -6.6103730803854416e-18, 6.677700078104483e-06, 6.071357335818101e-09, -1.2486049836655162, 5.203084963782576e-20, 3.0821889485203458e-21, 7.928454175997782e-14, 1.0563239599063873e-07, -6.3455585453732716e-15, -1.9065263434058507e-15]
[5.106094732018199, -5.297832235654948e-18, 7.884540851531348e-06, 8.872281550057947e-09, -1.410982522588801, 3.868360990566449e-20, 1.7408831956470546e-21, 9.547959370351096e-14, 1.179039827001413e-07, -5.177552892941382e-15, -1.4202361542183348e-15]

----------------------------------------------------------------------------------------------------------------------------------
Generation  3 :
Initial Population
[5.940958997724998, -8.652220219853359e-18, 6.677700078104483e-06, 6.795915377930111e-09, -1.2486049836655162, 4.658673383156301e-20, 3.62926251288518e-21, 7.928454175997782e-14, 1.0563239599063873e-07, -5.177552892941382e-15, -1.2958694823822142e-15]
[6.101840706373544, -6.6103730803854416e-18, 6.677700078104483e-06, 6.071357335818101e-09, -1.2486049836655162, 5.203084963782576e-20, 3.0821889485203458e-21, 7.928454175997782e-14, 1.0563239599063873e-07, -6.3455585453732716e-15, -1.9065263434058507e-15]
[4.882489629120099, -9.5087778678941e-18, 8.428279212800551e-06, 8.84565253548543e-09, -1.2486049836655162, 3.807843899995139e-20, 2.2308143486205968e-21, 1.0473344413072054e-13, 1.0563239599063873e-07, -6.025999423033705e-15, -1.449167628450524e-15]
[7.101458475850243, -9.442222002804956e-18, 8.114508553746187e-06, 7.3061422714928275e-09, -1.2486049836655162, 4.0983206273921005e-20, 2.8848617111563824e-21, 1.4601583479037506e-13, 1.0563239599063873e-07, -6.571037333525051e-15, -1.7665509656744298e-15]
[5.940958997724998, -1.0103580958537763e-17, 6.378620212649314e-06, 3.733452926725873e-09, -1.286346253623285, 4.3020577930357064e-20, 4.4354227229873475e-21, 6.903732675157323e-14, 1.0563239599063873e-07, -6.183777214211101e-15, -1.2958694823822142e-15]
[4.882489629120099, -7.889638180348081e-18, 5.522914392916404e-06, 6.795915377930111e-09, -1.2486049836655162, 4.0524578524061717e-20, 2.566665959855237e-21, 8.375499761149511e-14, 9.26314831605491e-08, -5.449261599055111e-15, -1.2063327094404995e-15]
[5.106094732018199, -5.297832235654948e-18, 7.884540851531348e-06, 8.872281550057947e-09, -1.410982522588801, 3.868360990566449e-20, 1.7408831956470546e-21, 9.547959370351096e-14, 1.179039827001413e-07, -5.177552892941382e-15, -1.4202361542183348e-15]
[6.760423910079439, -6.702880171973376e-18, 6.482828023594949e-06, 9.561609868337041e-09, -1.5151845212374577, 3.807843899995139e-20, 3.0724289057539503e-21, 1.5179296734343344e-13, 1.2062623825120038e-07, -5.400593862450931e-15, -1.6180531259925288e-15]
[7.101458475850243, -9.442222002804956e-18, 6.28073116298483e-06, 8.414079798800898e-09, -1.5510196637846865, 4.871499432682451e-20, 2.513328094564185e-21, 1.6751141411332018e-13, 1.1933842458329932e-07, -8.209085538732494e-15, -1.7302084041505298e-15]
[4.65881349752405, -9.400754412609058e-18, 9.360785706726374e-06, 6.9287678962647245e-09, -1.555693570675602, 3.336513286036969e-20, 3.392461048978644e-21, 8.504219189258965e-14, 9.96241109844213e-08, -5.876612290531054e-15, -1.4035054616319939e-15]

After Selection
[5.940958997724998, -8.652220219853359e-18, 6.677700078104483e-06, 6.795915377930111e-09, -1.2486049836655162, 4.658673383156301e-20, 3.62926251288518e-21, 7.928454175997782e-14, 1.0563239599063873e-07, -5.177552892941382e-15, -1.2958694823822142e-15]
[6.101840706373544, -6.6103730803854416e-18, 6.677700078104483e-06, 6.071357335818101e-09, -1.2486049836655162, 5.203084963782576e-20, 3.0821889485203458e-21, 7.928454175997782e-14, 1.0563239599063873e-07, -6.3455585453732716e-15, -1.9065263434058507e-15]
[4.882489629120099, -9.5087778678941e-18, 8.428279212800551e-06, 8.84565253548543e-09, -1.2486049836655162, 3.807843899995139e-20, 2.2308143486205968e-21, 1.0473344413072054e-13, 1.0563239599063873e-07, -6.025999423033705e-15, -1.449167628450524e-15]

After Crossover
[5.940958997724998, -8.652220219853359e-18, 6.677700078104483e-06, 6.795915377930111e-09, -1.2486049836655162, 4.658673383156301e-20, 3.62926251288518e-21, 7.928454175997782e-14, 1.0563239599063873e-07, -5.177552892941382e-15, -1.2958694823822142e-15]
[6.101840706373544, -6.6103730803854416e-18, 6.677700078104483e-06, 6.071357335818101e-09, -1.2486049836655162, 5.203084963782576e-20, 3.0821889485203458e-21, 7.928454175997782e-14, 1.0563239599063873e-07, -6.3455585453732716e-15, -1.9065263434058507e-15]
[4.882489629120099, -9.5087778678941e-18, 8.428279212800551e-06, 8.84565253548543e-09, -1.2486049836655162, 3.807843899995139e-20, 2.2308143486205968e-21, 1.0473344413072054e-13, 1.0563239599063873e-07, -6.025999423033705e-15, -1.449167628450524e-15]
[4.65881349752405, -6.6103730803854416e-18, 6.677700078104483e-06, 6.795915377930111e-09, -1.2486049836655162, 5.203084963782576e-20, 3.0821889485203458e-21, 9.547959370351096e-14, 1.0563239599063873e-07, -6.3455585453732716e-15, -1.9065263434058507e-15]
[4.882489629120099, -9.5087778678941e-18, 8.428279212800551e-06, 9.561609868337041e-09, -1.2486049836655162, 3.807843899995139e-20, 2.8848617111563824e-21, 1.0473344413072054e-13, 1.0563239599063873e-07, -6.025999423033705e-15, -1.449167628450524e-15]
[4.882489629120099, -9.5087778678941e-18, 8.428279212800551e-06, 8.84565253548543e-09, -1.2486049836655162, 3.807843899995139e-20, 4.4354227229873475e-21, 1.0473344413072054e-13, 1.0563239599063873e-07, -6.025999423033705e-15, -1.449167628450524e-15]
[7.101458475850243, -9.442222002804956e-18, 6.28073116298483e-06, 6.9287678962647245e-09, -1.5510196637846865, 4.871499432682451e-20, 2.513328094564185e-21, 1.6751141411332018e-13, 9.96241109844213e-08, -5.876612290531054e-15, -1.7302084041505298e-15]
[6.101840706373544, -1.0103580958537763e-17, 6.677700078104483e-06, 6.9287678962647245e-09, -1.286346253623285, 3.336513286036969e-20, 3.0821889485203458e-21, 7.928454175997782e-14, 1.0563239599063873e-07, -6.3455585453732716e-15, -1.9065263434058507e-15]
[6.760423910079439, -6.702880171973376e-18, 6.677700078104483e-06, 6.071357335818101e-09, -1.5151845212374577, 4.3020577930357064e-20, 3.0821889485203458e-21, 7.928454175997782e-14, 1.0563239599063873e-07, -6.183777214211101e-15, -1.6180531259925288e-15]
[5.106094732018199, -9.442222002804956e-18, 6.677700078104483e-06, 8.414079798800898e-09, -1.5510196637846865, 3.868360990566449e-20, 1.7408831956470546e-21, 7.928454175997782e-14, 1.1933842458329932e-07, -6.3455585453732716e-15, -1.9065263434058507e-15]

After Mutation
[5.940958997724998, -8.652220219853359e-18, 6.677700078104483e-06, 6.795915377930111e-09, -1.2486049836655162, 4.658673383156301e-20, 3.62926251288518e-21, 7.928454175997782e-14, 1.0563239599063873e-07, -5.177552892941382e-15, -1.2958694823822142e-15]
[6.101840706373544, -6.6103730803854416e-18, 6.677700078104483e-06, 6.071357335818101e-09, -1.2486049836655162, 5.203084963782576e-20, 3.0821889485203458e-21, 7.928454175997782e-14, 1.0563239599063873e-07, -6.3455585453732716e-15, -1.9065263434058507e-15]
[4.882489629120099, -9.5087778678941e-18, 8.428279212800551e-06, 8.84565253548543e-09, -1.2486049836655162, 3.807843899995139e-20, 2.2308143486205968e-21, 1.0473344413072054e-13, 1.0563239599063873e-07, -6.025999423033705e-15, -1.449167628450524e-15]
[5.134128802335619, -6.6103730803854416e-18, 6.044317822210675e-06, 7.302243053367929e-09, -1.3644501618974512, 6.095103439104749e-20, 2.9789963994276866e-21, 8.659014293062402e-14, 1.0094387028637482e-07, -7.804865546896175e-15, -2.0939945296199733e-15]
[5.673832851328121, -1.0558830687115127e-17, 9.242741416190119e-06, 7.799533535524586e-09, -1.2486049836655162, 4.682662011824473e-20, 2.835264599474323e-21, 1.0473344413072054e-13, 1.0563239599063873e-07, -5.191281360948065e-15, -1.449167628450524e-15]
[6.079735527443376, -9.5087778678941e-18, 8.428279212800551e-06, 9.47853982284712e-09, -1.0917389413119236, 3.807843899995139e-20, 3.561160405853595e-21, 8.465419775051491e-14, 8.653658951182372e-08, -5.746748470608891e-15, -1.5244946839022233e-15]
[7.111616841686512, -9.852657526732151e-18, 6.28073116298483e-06, 7.228873336418357e-09, -1.5510196637846865, 4.871499432682451e-20, 2.513328094564185e-21, 1.6751141411332018e-13, 1.0023520670034778e-07, -6.866495995511195e-15, -1.5786120433068012e-15]
[4.5957834392327115, -1.1539143368797688e-17, 6.677700078104483e-06, 6.9287678962647245e-09, -0.9926057654246978, 3.446205149306974e-20, 3.733277796463561e-21, 7.025873777070098e-14, 1.0563239599063873e-07, -5.8129683753937605e-15, -1.5494671224695027e-15]
[7.565400871404449, -7.547390393380797e-18, 8.238939668477465e-06, 4.750851330510374e-09, -1.715173107381016, 3.940535916222582e-20, 2.6281409795129777e-21, 7.928454175997782e-14, 9.67389436787581e-08, -6.183777214211101e-15, -1.6180531259925288e-15]
[5.849368721478596, -9.442222002804956e-18, 6.165082555317959e-06, 8.414079798800898e-09, -1.5784446285284497, 3.868360990566449e-20, 1.7408831956470546e-21, 7.60239719974791e-14, 1.1933842458329932e-07, -7.520128488098966e-15, -2.1399129771154228e-15]

----------------------------------------------------------------------------------------------------------------------------------
Generation  4 :
Initial Population
[5.940958997724998, -8.652220219853359e-18, 6.677700078104483e-06, 6.795915377930111e-09, -1.2486049836655162, 4.658673383156301e-20, 3.62926251288518e-21, 7.928454175997782e-14, 1.0563239599063873e-07, -5.177552892941382e-15, -1.2958694823822142e-15]
[5.673832851328121, -1.0558830687115127e-17, 9.242741416190119e-06, 7.799533535524586e-09, -1.2486049836655162, 4.682662011824473e-20, 2.835264599474323e-21, 1.0473344413072054e-13, 1.0563239599063873e-07, -5.191281360948065e-15, -1.449167628450524e-15]
[6.101840706373544, -6.6103730803854416e-18, 6.677700078104483e-06, 6.071357335818101e-09, -1.2486049836655162, 5.203084963782576e-20, 3.0821889485203458e-21, 7.928454175997782e-14, 1.0563239599063873e-07, -6.3455585453732716e-15, -1.9065263434058507e-15]
[4.882489629120099, -9.5087778678941e-18, 8.428279212800551e-06, 8.84565253548543e-09, -1.2486049836655162, 3.807843899995139e-20, 2.2308143486205968e-21, 1.0473344413072054e-13, 1.0563239599063873e-07, -6.025999423033705e-15, -1.449167628450524e-15]
[6.079735527443376, -9.5087778678941e-18, 8.428279212800551e-06, 9.47853982284712e-09, -1.0917389413119236, 3.807843899995139e-20, 3.561160405853595e-21, 8.465419775051491e-14, 8.653658951182372e-08, -5.746748470608891e-15, -1.5244946839022233e-15]
[5.134128802335619, -6.6103730803854416e-18, 6.044317822210675e-06, 7.302243053367929e-09, -1.3644501618974512, 6.095103439104749e-20, 2.9789963994276866e-21, 8.659014293062402e-14, 1.0094387028637482e-07, -7.804865546896175e-15, -2.0939945296199733e-15]
[5.849368721478596, -9.442222002804956e-18, 6.165082555317959e-06, 8.414079798800898e-09, -1.5784446285284497, 3.868360990566449e-20, 1.7408831956470546e-21, 7.60239719974791e-14, 1.1933842458329932e-07, -7.520128488098966e-15, -2.1399129771154228e-15]
[4.5957834392327115, -1.1539143368797688e-17, 6.677700078104483e-06, 6.9287678962647245e-09, -0.9926057654246978, 3.446205149306974e-20, 3.733277796463561e-21, 7.025873777070098e-14, 1.0563239599063873e-07, -5.8129683753937605e-15, -1.5494671224695027e-15]
[7.111616841686512, -9.852657526732151e-18, 6.28073116298483e-06, 7.228873336418357e-09, -1.5510196637846865, 4.871499432682451e-20, 2.513328094564185e-21, 1.6751141411332018e-13, 1.0023520670034778e-07, -6.866495995511195e-15, -1.5786120433068012e-15]
[7.565400871404449, -7.547390393380797e-18, 8.238939668477465e-06, 4.750851330510374e-09, -1.715173107381016, 3.940535916222582e-20, 2.6281409795129777e-21, 7.928454175997782e-14, 9.67389436787581e-08, -6.183777214211101e-15, -1.6180531259925288e-15]

After Selection
[5.940958997724998, -8.652220219853359e-18, 6.677700078104483e-06, 6.795915377930111e-09, -1.2486049836655162, 4.658673383156301e-20, 3.62926251288518e-21, 7.928454175997782e-14, 1.0563239599063873e-07, -5.177552892941382e-15, -1.2958694823822142e-15]
[5.673832851328121, -1.0558830687115127e-17, 9.242741416190119e-06, 7.799533535524586e-09, -1.2486049836655162, 4.682662011824473e-20, 2.835264599474323e-21, 1.0473344413072054e-13, 1.0563239599063873e-07, -5.191281360948065e-15, -1.449167628450524e-15]
[6.101840706373544, -6.6103730803854416e-18, 6.677700078104483e-06, 6.071357335818101e-09, -1.2486049836655162, 5.203084963782576e-20, 3.0821889485203458e-21, 7.928454175997782e-14, 1.0563239599063873e-07, -6.3455585453732716e-15, -1.9065263434058507e-15]

After Crossover
[5.940958997724998, -8.652220219853359e-18, 6.677700078104483e-06, 6.795915377930111e-09, -1.2486049836655162, 4.658673383156301e-20, 3.62926251288518e-21, 7.928454175997782e-14, 1.0563239599063873e-07, -5.177552892941382e-15, -1.2958694823822142e-15]
[5.673832851328121, -1.0558830687115127e-17, 9.242741416190119e-06, 7.799533535524586e-09, -1.2486049836655162, 4.682662011824473e-20, 2.835264599474323e-21, 1.0473344413072054e-13, 1.0563239599063873e-07, -5.191281360948065e-15, -1.449167628450524e-15]
[6.101840706373544, -6.6103730803854416e-18, 6.677700078104483e-06, 6.071357335818101e-09, -1.2486049836655162, 5.203084963782576e-20, 3.0821889485203458e-21, 7.928454175997782e-14, 1.0563239599063873e-07, -6.3455585453732716e-15, -1.9065263434058507e-15]
[5.134128802335619, -1.0558830687115127e-17, 9.242741416190119e-06, 7.799533535524586e-09, -1.3644501618974512, 4.682662011824473e-20, 2.9789963994276866e-21, 8.465419775051491e-14, 8.653658951182372e-08, -5.746748470608891e-15, -1.5244946839022233e-15]
[4.5957834392327115, -9.442222002804956e-18, 6.28073116298483e-06, 6.071357335818101e-09, -1.5784446285284497, 5.203084963782576e-20, 2.513328094564185e-21, 7.60239719974791e-14, 1.0563239599063873e-07, -6.3455585453732716e-15, -1.9065263434058507e-15]
[6.101840706373544, -6.6103730803854416e-18, 6.677700078104483e-06, 8.84565253548543e-09, -1.2486049836655162, 5.203084963782576e-20, 3.0821889485203458e-21, 7.928454175997782e-14, 1.0563239599063873e-07, -6.025999423033705e-15, -1.449167628450524e-15]
[5.134128802335619, -7.547390393380797e-18, 8.428279212800551e-06, 9.47853982284712e-09, -1.3644501618974512, 3.807843899995139e-20, 2.9789963994276866e-21, 8.465419775051491e-14, 1.0563239599063873e-07, -5.746748470608891e-15, -2.0939945296199733e-15]
[7.111616841686512, -1.1539143368797688e-17, 9.242741416190119e-06, 7.799533535524586e-09, -0.9926057654246978, 3.446205149306974e-20, 2.835264599474323e-21, 1.0473344413072054e-13, 1.0563239599063873e-07, -5.191281360948065e-15, -1.449167628450524e-15]
[7.111616841686512, -9.5087778678941e-18, 8.428279212800551e-06, 8.84565253548543e-09, -1.2486049836655162, 3.807843899995139e-20, 2.2308143486205968e-21, 8.465419775051491e-14, 8.653658951182372e-08, -6.866495995511195e-15, -1.5244946839022233e-15]
[5.134128802335619, -6.6103730803854416e-18, 6.677700078104483e-06, 7.302243053367929e-09, -1.3644501618974512, 4.682662011824473e-20, 3.0821889485203458e-21, 7.025873777070098e-14, 1.0563239599063873e-07, -5.8129683753937605e-15, -1.449167628450524e-15]

After Mutation
[5.940958997724998, -8.652220219853359e-18, 6.677700078104483e-06, 6.795915377930111e-09, -1.2486049836655162, 4.658673383156301e-20, 3.62926251288518e-21, 7.928454175997782e-14, 1.0563239599063873e-07, -5.177552892941382e-15, -1.2958694823822142e-15]
[5.673832851328121, -1.0558830687115127e-17, 9.242741416190119e-06, 7.799533535524586e-09, -1.2486049836655162, 4.682662011824473e-20, 2.835264599474323e-21, 1.0473344413072054e-13, 1.0563239599063873e-07, -5.191281360948065e-15, -1.449167628450524e-15]
[6.101840706373544, -6.6103730803854416e-18, 6.677700078104483e-06, 6.071357335818101e-09, -1.2486049836655162, 5.203084963782576e-20, 3.0821889485203458e-21, 7.928454175997782e-14, 1.0563239599063873e-07, -6.3455585453732716e-15, -1.9065263434058507e-15]
[3.9777591719328886, -1.0558830687115127e-17, 8.725584608443576e-06, 6.15622643837619e-09, -1.3705771636513457, 4.88177150684206e-20, 3.249090463787738e-21, 8.29068337122951e-14, 6.715214442691376e-08, -7.12952076370241e-15, -1.5244946839022233e-15]
[5.2018867554804045, -9.90401152782414e-18, 6.28073116298483e-06, 5.796263342041754e-09, -1.4002337199853012, 4.658750197896903e-20, 2.513328094564185e-21, 8.203969438864073e-14, 8.371707429228559e-08, -5.166544786114419e-15, -1.4350014836115782e-15]
[7.402673301012302, -7.993909853329334e-18, 7.292383637384779e-06, 8.072254168420523e-09, -1.2486049836655162, 5.695901716976184e-20, 3.615112052448796e-21, 9.653571767437402e-14, 1.0563239599063873e-07, -6.4702109151010386e-15, -1.449167628450524e-15]
[5.041767318552607, -7.92409947583897e-18, 1.0222585514714864e-05, 9.47853982284712e-09, -1.3644501618974512, 3.807843899995139e-20, 2.9789963994276866e-21, 6.367199410302036e-14, 9.801593570467985e-08, -7.157947960910236e-15, -2.0939945296199733e-15]
[5.931662524000943, -1.1074374538607612e-17, 1.1499746470669263e-05, 6.5770221138273144e-09, -0.7599310031818219, 3.446205149306974e-20, 2.835264599474323e-21, 9.748895636238295e-14, 1.0563239599063873e-07, -4.384285401304023e-15, -1.449167628450524e-15]
[7.296803938871192, -9.5087778678941e-18, 1.0093899286181364e-05, 7.958835629241036e-09, -1.4804603799312444, 3.807843899995139e-20, 2.763066425683255e-21, 8.465419775051491e-14, 8.653658951182372e-08, -6.8834142723499855e-15, -1.7943118429240548e-15]
[6.053333767057538, -7.105488442460695e-18, 7.441996115736581e-06, 7.083881074687406e-09, -1.6709314445873567, 5.2056003663750155e-20, 3.427295981735545e-21, 7.025873777070098e-14, 1.0929336127760634e-07, -4.925519488056068e-15, -1.315372812669899e-15]

----------------------------------------------------------------------------------------------------------------------------------
Generation  5 :
Initial Population
[7.402673301012302, -7.993909853329334e-18, 7.292383637384779e-06, 8.072254168420523e-09, -1.2486049836655162, 5.695901716976184e-20, 3.615112052448796e-21, 9.653571767437402e-14, 1.0563239599063873e-07, -6.4702109151010386e-15, -1.449167628450524e-15]
[5.940958997724998, -8.652220219853359e-18, 6.677700078104483e-06, 6.795915377930111e-09, -1.2486049836655162, 4.658673383156301e-20, 3.62926251288518e-21, 7.928454175997782e-14, 1.0563239599063873e-07, -5.177552892941382e-15, -1.2958694823822142e-15]
[5.673832851328121, -1.0558830687115127e-17, 9.242741416190119e-06, 7.799533535524586e-09, -1.2486049836655162, 4.682662011824473e-20, 2.835264599474323e-21, 1.0473344413072054e-13, 1.0563239599063873e-07, -5.191281360948065e-15, -1.449167628450524e-15]
[6.101840706373544, -6.6103730803854416e-18, 6.677700078104483e-06, 6.071357335818101e-09, -1.2486049836655162, 5.203084963782576e-20, 3.0821889485203458e-21, 7.928454175997782e-14, 1.0563239599063873e-07, -6.3455585453732716e-15, -1.9065263434058507e-15]
[5.041767318552607, -7.92409947583897e-18, 1.0222585514714864e-05, 9.47853982284712e-09, -1.3644501618974512, 3.807843899995139e-20, 2.9789963994276866e-21, 6.367199410302036e-14, 9.801593570467985e-08, -7.157947960910236e-15, -2.0939945296199733e-15]
[5.2018867554804045, -9.90401152782414e-18, 6.28073116298483e-06, 5.796263342041754e-09, -1.4002337199853012, 4.658750197896903e-20, 2.513328094564185e-21, 8.203969438864073e-14, 8.371707429228559e-08, -5.166544786114419e-15, -1.4350014836115782e-15]
[3.9777591719328886, -1.0558830687115127e-17, 8.725584608443576e-06, 6.15622643837619e-09, -1.3705771636513457, 4.88177150684206e-20, 3.249090463787738e-21, 8.29068337122951e-14, 6.715214442691376e-08, -7.12952076370241e-15, -1.5244946839022233e-15]
[7.296803938871192, -9.5087778678941e-18, 1.0093899286181364e-05, 7.958835629241036e-09, -1.4804603799312444, 3.807843899995139e-20, 2.763066425683255e-21, 8.465419775051491e-14, 8.653658951182372e-08, -6.8834142723499855e-15, -1.7943118429240548e-15]
[6.053333767057538, -7.105488442460695e-18, 7.441996115736581e-06, 7.083881074687406e-09, -1.6709314445873567, 5.2056003663750155e-20, 3.427295981735545e-21, 7.025873777070098e-14, 1.0929336127760634e-07, -4.925519488056068e-15, -1.315372812669899e-15]
[5.931662524000943, -1.1074374538607612e-17, 1.1499746470669263e-05, 6.5770221138273144e-09, -0.7599310031818219, 3.446205149306974e-20, 2.835264599474323e-21, 9.748895636238295e-14, 1.0563239599063873e-07, -4.384285401304023e-15, -1.449167628450524e-15]

After Selection
[7.402673301012302, -7.993909853329334e-18, 7.292383637384779e-06, 8.072254168420523e-09, -1.2486049836655162, 5.695901716976184e-20, 3.615112052448796e-21, 9.653571767437402e-14, 1.0563239599063873e-07, -6.4702109151010386e-15, -1.449167628450524e-15]
[5.940958997724998, -8.652220219853359e-18, 6.677700078104483e-06, 6.795915377930111e-09, -1.2486049836655162, 4.658673383156301e-20, 3.62926251288518e-21, 7.928454175997782e-14, 1.0563239599063873e-07, -5.177552892941382e-15, -1.2958694823822142e-15]
[5.673832851328121, -1.0558830687115127e-17, 9.242741416190119e-06, 7.799533535524586e-09, -1.2486049836655162, 4.682662011824473e-20, 2.835264599474323e-21, 1.0473344413072054e-13, 1.0563239599063873e-07, -5.191281360948065e-15, -1.449167628450524e-15]

After Crossover
[7.402673301012302, -7.993909853329334e-18, 7.292383637384779e-06, 8.072254168420523e-09, -1.2486049836655162, 5.695901716976184e-20, 3.615112052448796e-21, 9.653571767437402e-14, 1.0563239599063873e-07, -6.4702109151010386e-15, -1.449167628450524e-15]
[5.940958997724998, -8.652220219853359e-18, 6.677700078104483e-06, 6.795915377930111e-09, -1.2486049836655162, 4.658673383156301e-20, 3.62926251288518e-21, 7.928454175997782e-14, 1.0563239599063873e-07, -5.177552892941382e-15, -1.2958694823822142e-15]
[5.673832851328121, -1.0558830687115127e-17, 9.242741416190119e-06, 7.799533535524586e-09, -1.2486049836655162, 4.682662011824473e-20, 2.835264599474323e-21, 1.0473344413072054e-13, 1.0563239599063873e-07, -5.191281360948065e-15, -1.449167628450524e-15]
[7.296803938871192, -7.105488442460695e-18, 1.0093899286181364e-05, 7.083881074687406e-09, -1.6709314445873567, 5.2056003663750155e-20, 2.763066425683255e-21, 7.025873777070098e-14, 8.653658951182372e-08, -6.8834142723499855e-15, -1.7943118429240548e-15]
[5.931662524000943, -6.6103730803854416e-18, 1.1499746470669263e-05, 6.071357335818101e-09, -0.7599310031818219, 5.203084963782576e-20, 2.835264599474323e-21, 7.928454175997782e-14, 1.0563239599063873e-07, -4.384285401304023e-15, -1.449167628450524e-15]
[3.9777591719328886, -9.5087778678941e-18, 1.0093899286181364e-05, 6.15622643837619e-09, -1.3644501618974512, 3.807843899995139e-20, 2.763066425683255e-21, 8.465419775051491e-14, 9.801593570467985e-08, -4.384285401304023e-15, -1.7943118429240548e-15]
[5.673832851328121, -1.0558830687115127e-17, 9.242741416190119e-06, 7.799533535524586e-09, -1.4002337199853012, 4.682662011824473e-20, 2.835264599474323e-21, 1.0473344413072054e-13, 1.0563239599063873e-07, -5.191281360948065e-15, -1.449167628450524e-15]
[5.2018867554804045, -9.5087778678941e-18, 1.0093899286181364e-05, 5.796263342041754e-09, -1.4002337199853012, 4.658750197896903e-20, 2.763066425683255e-21, 8.203969438864073e-14, 8.371707429228559e-08, -5.166544786114419e-15, -1.4350014836115782e-15]
