
----------------------------------------------------------------------------------------------------------------------------------

Generation  1 :
Initial Population
[7.375699147328425e-15, -1.2477294967356552e-12, -2.2249835277767612e-13, 4.257302189285045e-11, -2.327141035627045e-10, -9.85421191169887e-16, 9.740436392344293e-16, 2.0698393337629707e-05, -1.6420250210862067e-06, -1.261205214435191e-08, 7.456750668681903e-10]
[7.375699147328425e-15, -1.3600764159938275e-12, -2.1417097776519604e-13, 4.50568575840554e-11, -2.402101267536652e-10, -8.943460427438992e-16, 1.0522839818904206e-15, 2.0698393337629707e-05, -1.6420250210862067e-06, -1.263205649318803e-08, 7.456750668681903e-10]
[7.375699147328425e-15, -1.4013683530871697e-12, -2.2733674759204827e-13, 4.781022625409078e-11, -2.402101267536652e-10, -1.0736256497364475e-15, 9.719051180022176e-16, 2.1312587644065145e-05, -1.5895719326018724e-06, -1.263205649318803e-08, 7.456750668681903e-10]
[7.375699147328425e-15, -1.3600764159938275e-12, -2.1417097776519604e-13, 4.50568575840554e-11, -2.402101267536652e-10, -8.652052961453602e-16, 1.0806721754028076e-15, 2.0698393337629707e-05, -1.616790124942054e-06, -1.263205649318803e-08, 6.930755003491152e-10]
[7.375699147328425e-15, -1.4659643333630343e-12, -2.1417097776519604e-13, 4.50568575840554e-11, -2.402101267536652e-10, -9.478230277134371e-16, 1.058514706291678e-15, 2.0698393337629707e-05, -1.5474360354004968e-06, -1.2888623455553977e-08, 7.456750668681903e-10]
[7.375699147328425e-15, -1.3600764159938275e-12, -2.1417097776519604e-13, 4.1374531367560794e-11, -2.5274599863468256e-10, -8.943460427438992e-16, 1.0835559475960907e-15, 2.0698393337629707e-05, -1.6398238616347767e-06, -1.263205649318803e-08, 7.923238445483994e-10]
[7.375699147328425e-15, -1.3600764159938275e-12, -2.1417097776519604e-13, 4.50568575840554e-11, -2.402101267536652e-10, -8.943460427438992e-16, 1.0522839818904206e-15, 2.0421135017875925e-05, -1.8046009216767176e-06, -1.276764898503679e-08, 7.456750668681903e-10]
[7.375699147328425e-15, -1.2557520857406048e-12, -2.359183769250212e-13, 4.50568575840554e-11, -2.402101267536652e-10, -8.943460427438992e-16, 1.0522839818904206e-15, 1.9769387282488593e-05, -1.5693436622255445e-06, -1.1399930790078006e-08, 8.246449412306972e-10]

After Selection
[7.375699147328425e-15, -1.2477294967356552e-12, -2.2249835277767612e-13, 4.257302189285045e-11, -2.327141035627045e-10, -9.85421191169887e-16, 9.740436392344293e-16, 2.0698393337629707e-05, -1.6420250210862067e-06, -1.261205214435191e-08, 7.456750668681903e-10]
[7.375699147328425e-15, -1.3600764159938275e-12, -2.1417097776519604e-13, 4.50568575840554e-11, -2.402101267536652e-10, -8.943460427438992e-16, 1.0522839818904206e-15, 2.0698393337629707e-05, -1.6420250210862067e-06, -1.263205649318803e-08, 7.456750668681903e-10]
[7.375699147328425e-15, -1.2477294967356552e-12, -2.2249835277767612e-13, 4.257302189285045e-11, -2.327141035627045e-10, -9.85421191169887e-16, 9.740436392344293e-16, 2.0698393337629707e-05, -1.6420250210862067e-06, -1.261205214435191e-08, 7.456750668681903e-10]
[7.375699147328425e-15, -1.4013683530871697e-12, -2.2733674759204827e-13, 4.781022625409078e-11, -2.402101267536652e-10, -1.0736256497364475e-15, 9.719051180022176e-16, 2.1312587644065145e-05, -1.5895719326018724e-06, -1.263205649318803e-08, 7.456750668681903e-10]
[7.375699147328425e-15, -1.3600764159938275e-12, -2.1417097776519604e-13, 4.50568575840554e-11, -2.402101267536652e-10, -8.943460427438992e-16, 1.0522839818904206e-15, 2.0698393337629707e-05, -1.6420250210862067e-06, -1.263205649318803e-08, 7.456750668681903e-10]
[7.375699147328425e-15, -1.4013683530871697e-12, -2.2733674759204827e-13, 4.781022625409078e-11, -2.402101267536652e-10, -1.0736256497364475e-15, 9.719051180022176e-16, 2.1312587644065145e-05, -1.5895719326018724e-06, -1.263205649318803e-08, 7.456750668681903e-10]
[7.375699147328425e-15, -1.2477294967356552e-12, -2.2249835277767612e-13, 4.257302189285045e-11, -2.327141035627045e-10, -9.85421191169887e-16, 9.740436392344293e-16, 2.0698393337629707e-05, -1.6420250210862067e-06, -1.261205214435191e-08, 7.456750668681903e-10]
[7.375699147328425e-15, -1.3600764159938275e-12, -2.1417097776519604e-13, 4.50568575840554e-11, -2.402101267536652e-10, -8.943460427438992e-16, 1.0522839818904206e-15, 2.0698393337629707e-05, -1.6420250210862067e-06, -1.263205649318803e-08, 7.456750668681903e-10]

After Crossover
[7.375699147328425e-15, -1.2477294967356552e-12, -2.2249835277767612e-13, 4.257302189285045e-11, -2.327141035627045e-10, -8.943460427438992e-16, 1.0522839818904206e-15, 2.0698393337629707e-05, -1.6420250210862067e-06, -1.263205649318803e-08, 7.456750668681903e-10]
[7.375699147328425e-15, -1.3600764159938275e-12, -2.1417097776519604e-13, 4.50568575840554e-11, -2.402101267536652e-10, -9.85421191169887e-16, 9.740436392344293e-16, 2.0698393337629707e-05, -1.6420250210862067e-06, -1.261205214435191e-08, 7.456750668681903e-10]
[7.375699147328425e-15, -1.2477294967356552e-12, -2.2249835277767612e-13, 4.257302189285045e-11, -2.402101267536652e-10, -1.0736256497364475e-15, 9.719051180022176e-16, 2.1312587644065145e-05, -1.5895719326018724e-06, -1.263205649318803e-08, 7.456750668681903e-10]
[7.375699147328425e-15, -1.4013683530871697e-12, -2.2733674759204827e-13, 4.781022625409078e-11, -2.327141035627045e-10, -9.85421191169887e-16, 9.740436392344293e-16, 2.0698393337629707e-05, -1.6420250210862067e-06, -1.261205214435191e-08, 7.456750668681903e-10]
[7.375699147328425e-15, -1.3600764159938275e-12, -2.1417097776519604e-13, 4.50568575840554e-11, -2.402101267536652e-10, -8.943460427438992e-16, 1.0522839818904206e-15, 2.1312587644065145e-05, -1.5895719326018724e-06, -1.263205649318803e-08, 7.456750668681903e-10]
[7.375699147328425e-15, -1.4013683530871697e-12, -2.2733674759204827e-13, 4.781022625409078e-11, -2.402101267536652e-10, -1.0736256497364475e-15, 9.719051180022176e-16, 2.0698393337629707e-05, -1.6420250210862067e-06, -1.263205649318803e-08, 7.456750668681903e-10]
[7.375699147328425e-15, -1.2477294967356552e-12, -2.2249835277767612e-13, 4.257302189285045e-11, -2.327141035627045e-10, -9.85421191169887e-16, 9.740436392344293e-16, 2.0698393337629707e-05, -1.6420250210862067e-06, -1.261205214435191e-08, 7.456750668681903e-10]
[7.375699147328425e-15, -1.3600764159938275e-12, -2.1417097776519604e-13, 4.50568575840554e-11, -2.402101267536652e-10, -8.943460427438992e-16, 1.0522839818904206e-15, 2.0698393337629707e-05, -1.6420250210862067e-06, -1.263205649318803e-08, 7.456750668681903e-10]

After Mutation
[7.375699147328425e-15, -1.1934993341393644e-12, -2.2249835277767612e-13, 4.257302189285045e-11, -2.2593691453102169e-10, -8.782555819286754e-16, 9.740436392344293e-16, 2.0698393337629707e-05, -1.7522965880274587e-06, -1.1383653541903233e-08, 7.456750668681903e-10]
[7.375699147328425e-15, -1.2272598726114329e-12, -2.1417097776519604e-13, 4.312955388047081e-11, -2.402101267536652e-10, -1.0292034827222472e-15, 1.0199262347390234e-15, 2.0698393337629707e-05, -1.749369401422207e-06, -1.3877151989573069e-08, 6.530719962740843e-10]
[7.375699147328425e-15, -1.3084136125007603e-12, -2.371665894042262e-13, 3.9109119539130496e-11, -2.379602865755584e-10, -1.107558829700042e-15, 1.039477637150391e-15, 2.055253049563825e-05, -1.6301900475824403e-06, -1.263205649318803e-08, 7.223479052778392e-10]
[7.375699147328425e-15, -1.4449077858166556e-12, -2.0910606593279505e-13, 4.781022625409078e-11, -2.402101267536652e-10, -9.947619101198174e-16, 9.740436392344293e-16, 2.0698393337629707e-05, -1.4921782088926228e-06, -1.261205214435191e-08, 7.456750668681903e-10]
[7.375699147328425e-15, -1.4839406592049044e-12, -2.323457445052472e-13, 4.8965442346379386e-11, -2.402101267536652e-10, -8.943460427438992e-16, 1.1274100833071732e-15, 1.9869808223603582e-05, -1.5895719326018724e-06, -1.263205649318803e-08, 7.864245139133542e-10]
[7.375699147328425e-15, -1.4013683530871697e-12, -2.245885593153368e-13, 4.781022625409078e-11, -2.402101267536652e-10, -1.0736256497364475e-15, 9.719051180022176e-16, 2.1276235491800997e-05, -1.4613016127536313e-06, -1.2044261509316389e-08, 7.456750668681903e-10]
[7.375699147328425e-15, -1.2370205828756612e-12, -2.1210463055231872e-13, 4.02561378948102e-11, -2.309206094892344e-10, -9.85421191169887e-16, 1.0481121138407145e-15, 2.0698393337629707e-05, -1.6420250210862067e-06, -1.261205214435191e-08, 6.714071941079065e-10]
[7.375699147328425e-15, -1.3506061631935486e-12, -2.1417097776519604e-13, 4.857396169326824e-11, -2.402101267536652e-10, -8.943460427438992e-16, 1.0522839818904206e-15, 2.0698393337629707e-05, -1.6420250210862067e-06, -1.263205649318803e-08, 6.935140014324738e-10]

----------------------------------------------------------------------------------------------------------------------------------

Generation  2 :
Initial Population
[7.375699147328425e-15, -1.1934993341393644e-12, -2.2249835277767612e-13, 4.257302189285045e-11, -2.2593691453102169e-10, -8.782555819286754e-16, 9.740436392344293e-16, 2.0698393337629707e-05, -1.7522965880274587e-06, -1.1383653541903233e-08, 7.456750668681903e-10]
[7.375699147328425e-15, -1.3084136125007603e-12, -2.371665894042262e-13, 3.9109119539130496e-11, -2.379602865755584e-10, -1.107558829700042e-15, 1.039477637150391e-15, 2.055253049563825e-05, -1.6301900475824403e-06, -1.263205649318803e-08, 7.223479052778392e-10]
[7.375699147328425e-15, -1.3506061631935486e-12, -2.1417097776519604e-13, 4.857396169326824e-11, -2.402101267536652e-10, -8.943460427438992e-16, 1.0522839818904206e-15, 2.0698393337629707e-05, -1.6420250210862067e-06, -1.263205649318803e-08, 6.935140014324738e-10]
[7.375699147328425e-15, -1.4839406592049044e-12, -2.323457445052472e-13, 4.8965442346379386e-11, -2.402101267536652e-10, -8.943460427438992e-16, 1.1274100833071732e-15, 1.9869808223603582e-05, -1.5895719326018724e-06, -1.263205649318803e-08, 7.864245139133542e-10]
[7.375699147328425e-15, -1.4449077858166556e-12, -2.0910606593279505e-13, 4.781022625409078e-11, -2.402101267536652e-10, -9.947619101198174e-16, 9.740436392344293e-16, 2.0698393337629707e-05, -1.4921782088926228e-06, -1.261205214435191e-08, 7.456750668681903e-10]
[7.375699147328425e-15, -1.2370205828756612e-12, -2.1210463055231872e-13, 4.02561378948102e-11, -2.309206094892344e-10, -9.85421191169887e-16, 1.0481121138407145e-15, 2.0698393337629707e-05, -1.6420250210862067e-06, -1.261205214435191e-08, 6.714071941079065e-10]
[7.375699147328425e-15, -1.4013683530871697e-12, -2.245885593153368e-13, 4.781022625409078e-11, -2.402101267536652e-10, -1.0736256497364475e-15, 9.719051180022176e-16, 2.1276235491800997e-05, -1.4613016127536313e-06, -1.2044261509316389e-08, 7.456750668681903e-10]
[7.375699147328425e-15, -1.2272598726114329e-12, -2.1417097776519604e-13, 4.312955388047081e-11, -2.402101267536652e-10, -1.0292034827222472e-15, 1.0199262347390234e-15, 2.0698393337629707e-05, -1.749369401422207e-06, -1.3877151989573069e-08, 6.530719962740843e-10]

After Selection
[7.375699147328425e-15, -1.1934993341393644e-12, -2.2249835277767612e-13, 4.257302189285045e-11, -2.2593691453102169e-10, -8.782555819286754e-16, 9.740436392344293e-16, 2.0698393337629707e-05, -1.7522965880274587e-06, -1.1383653541903233e-08, 7.456750668681903e-10]
[7.375699147328425e-15, -1.3084136125007603e-12, -2.371665894042262e-13, 3.9109119539130496e-11, -2.379602865755584e-10, -1.107558829700042e-15, 1.039477637150391e-15, 2.055253049563825e-05, -1.6301900475824403e-06, -1.263205649318803e-08, 7.223479052778392e-10]
[7.375699147328425e-15, -1.1934993341393644e-12, -2.2249835277767612e-13, 4.257302189285045e-11, -2.2593691453102169e-10, -8.782555819286754e-16, 9.740436392344293e-16, 2.0698393337629707e-05, -1.7522965880274587e-06, -1.1383653541903233e-08, 7.456750668681903e-10]
[7.375699147328425e-15, -1.3506061631935486e-12, -2.1417097776519604e-13, 4.857396169326824e-11, -2.402101267536652e-10, -8.943460427438992e-16, 1.0522839818904206e-15, 2.0698393337629707e-05, -1.6420250210862067e-06, -1.263205649318803e-08, 6.935140014324738e-10]
[7.375699147328425e-15, -1.3084136125007603e-12, -2.371665894042262e-13, 3.9109119539130496e-11, -2.379602865755584e-10, -1.107558829700042e-15, 1.039477637150391e-15, 2.055253049563825e-05, -1.6301900475824403e-06, -1.263205649318803e-08, 7.223479052778392e-10]
[7.375699147328425e-15, -1.3506061631935486e-12, -2.1417097776519604e-13, 4.857396169326824e-11, -2.402101267536652e-10, -8.943460427438992e-16, 1.0522839818904206e-15, 2.0698393337629707e-05, -1.6420250210862067e-06, -1.263205649318803e-08, 6.935140014324738e-10]
[7.375699147328425e-15, -1.1934993341393644e-12, -2.2249835277767612e-13, 4.257302189285045e-11, -2.2593691453102169e-10, -8.782555819286754e-16, 9.740436392344293e-16, 2.0698393337629707e-05, -1.7522965880274587e-06, -1.1383653541903233e-08, 7.456750668681903e-10]
[7.375699147328425e-15, -1.3084136125007603e-12, -2.371665894042262e-13, 3.9109119539130496e-11, -2.379602865755584e-10, -1.107558829700042e-15, 1.039477637150391e-15, 2.055253049563825e-05, -1.6301900475824403e-06, -1.263205649318803e-08, 7.223479052778392e-10]

After Crossover
[7.375699147328425e-15, -1.1934993341393644e-12, -2.2249835277767612e-13, 4.257302189285045e-11, -2.2593691453102169e-10, -8.782555819286754e-16, 1.039477637150391e-15, 2.055253049563825e-05, -1.6301900475824403e-06, -1.263205649318803e-08, 7.223479052778392e-10]
[7.375699147328425e-15, -1.3084136125007603e-12, -2.371665894042262e-13, 3.9109119539130496e-11, -2.379602865755584e-10, -1.107558829700042e-15, 9.740436392344293e-16, 2.0698393337629707e-05, -1.7522965880274587e-06, -1.1383653541903233e-08, 7.456750668681903e-10]
[7.375699147328425e-15, -1.1934993341393644e-12, -2.2249835277767612e-13, 4.257302189285045e-11, -2.2593691453102169e-10, -8.782555819286754e-16, 9.740436392344293e-16, 2.0698393337629707e-05, -1.6420250210862067e-06, -1.263205649318803e-08, 6.935140014324738e-10]
[7.375699147328425e-15, -1.3506061631935486e-12, -2.1417097776519604e-13, 4.857396169326824e-11, -2.402101267536652e-10, -8.943460427438992e-16, 1.0522839818904206e-15, 2.0698393337629707e-05, -1.7522965880274587e-06, -1.1383653541903233e-08, 7.456750668681903e-10]
[7.375699147328425e-15, -1.3084136125007603e-12, -2.371665894042262e-13, 3.9109119539130496e-11, -2.402101267536652e-10, -8.943460427438992e-16, 1.0522839818904206e-15, 2.0698393337629707e-05, -1.6420250210862067e-06, -1.263205649318803e-08, 6.935140014324738e-10]
[7.375699147328425e-15, -1.3506061631935486e-12, -2.1417097776519604e-13, 4.857396169326824e-11, -2.379602865755584e-10, -1.107558829700042e-15, 1.039477637150391e-15, 2.055253049563825e-05, -1.6301900475824403e-06, -1.263205649318803e-08, 7.223479052778392e-10]
[7.375699147328425e-15, -1.1934993341393644e-12, -2.2249835277767612e-13, 4.257302189285045e-11, -2.2593691453102169e-10, -8.782555819286754e-16, 9.740436392344293e-16, 2.0698393337629707e-05, -1.7522965880274587e-06, -1.1383653541903233e-08, 7.456750668681903e-10]
[7.375699147328425e-15, -1.3084136125007603e-12, -2.371665894042262e-13, 3.9109119539130496e-11, -2.379602865755584e-10, -1.107558829700042e-15, 1.039477637150391e-15, 2.055253049563825e-05, -1.6301900475824403e-06, -1.263205649318803e-08, 7.223479052778392e-10]

After Mutation
[7.375699147328425e-15, -1.122222213065028e-12, -2.3881138476890227e-13, 4.363462720428351e-11, -2.553096835764257e-10, -1.107558829700042e-15, 1.0872598527075788e-15, 2.241887657539254e-05, -1.6301900475824403e-06, -1.3396023021165205e-08, 7.223479052778392e-10]
[7.375699147328425e-15, -1.4172004865389227e-12, -2.0746525288171354e-13, 4.424090588902689e-11, -2.2593691453102169e-10, -8.782555819286754e-16, 9.72584133972622e-16, 1.9581492933780793e-05, -1.8112820747641138e-06, -1.1383653541903233e-08, 7.742284862980897e-10]
[7.375699147328425e-15, -1.1934993341393644e-12, -2.0979074959882693e-13, 4.084158523845344e-11, -2.2593691453102169e-10, -1.0300012815487376e-15, 9.740436392344293e-16, 2.1111782360238827e-05, -1.6420250210862067e-06, -1.263205649318803e-08, 6.897097605544499e-10]
[7.375699147328425e-15, -1.3506061631935486e-12, -2.1417097776519604e-13, 4.645258873479401e-11, -2.402101267536652e-10, -7.520466328228858e-16, 1.0522839818904206e-15, 2.0698393337629707e-05, -1.7522965880274587e-06, -9.814648378074975e-09, 7.53486740273327e-10]
[7.375699147328425e-15, -1.1660523157282927e-12, -2.289274293715322e-13, 5.2469554848995196e-11, -2.402101267536652e-10, -8.943460427438992e-16, 1.0027770444200445e-15, 2.054559911382203e-05, -1.4796789452353707e-06, -1.263205649318803e-08, 6.935140014324738e-10]
[7.375699147328425e-15, -1.3506061631935486e-12, -2.371665894042262e-13, 3.9109119539130496e-11, -2.379602865755584e-10, -9.749193471370975e-16, 1.039477637150391e-15, 2.055253049563825e-05, -1.556633508577726e-06, -1.263205649318803e-08, 6.790354761930998e-10]
[7.375699147328425e-15, -1.1934993341393644e-12, -2.169609859749791e-13, 4.555848941279538e-11, -2.3679511353277087e-10, -8.782555819286754e-16, 9.740436392344293e-16, 1.8953365256145387e-05, -1.5696752036360111e-06, -1.1383653541903233e-08, 6.698255611805521e-10]
[7.375699147328425e-15, -1.4089623128447128e-12, -2.4631831090062446e-13, 3.9109119539130496e-11, -2.379602865755584e-10, -9.906441628947423e-16, 1.039477637150391e-15, 2.24485161304864e-05, -1.7142785741346277e-06, -1.263205649318803e-08, 6.850303552554298e-10]

----------------------------------------------------------------------------------------------------------------------------------

Generation  3 :
Initial Population
[7.375699147328425e-15, -1.122222213065028e-12, -2.3881138476890227e-13, 4.363462720428351e-11, -2.553096835764257e-10, -1.107558829700042e-15, 1.0872598527075788e-15, 2.241887657539254e-05, -1.6301900475824403e-06, -1.3396023021165205e-08, 7.223479052778392e-10]
[7.375699147328425e-15, -1.1660523157282927e-12, -2.289274293715322e-13, 5.2469554848995196e-11, -2.402101267536652e-10, -8.943460427438992e-16, 1.0027770444200445e-15, 2.054559911382203e-05, -1.4796789452353707e-06, -1.263205649318803e-08, 6.935140014324738e-10]
[7.375699147328425e-15, -1.4172004865389227e-12, -2.0746525288171354e-13, 4.424090588902689e-11, -2.2593691453102169e-10, -8.782555819286754e-16, 9.72584133972622e-16, 1.9581492933780793e-05, -1.8112820747641138e-06, -1.1383653541903233e-08, 7.742284862980897e-10]
[7.375699147328425e-15, -1.3506061631935486e-12, -2.371665894042262e-13, 3.9109119539130496e-11, -2.379602865755584e-10, -9.749193471370975e-16, 1.039477637150391e-15, 2.055253049563825e-05, -1.556633508577726e-06, -1.263205649318803e-08, 6.790354761930998e-10]
[7.375699147328425e-15, -1.3506061631935486e-12, -2.1417097776519604e-13, 4.645258873479401e-11, -2.402101267536652e-10, -7.520466328228858e-16, 1.0522839818904206e-15, 2.0698393337629707e-05, -1.7522965880274587e-06, -9.814648378074975e-09, 7.53486740273327e-10]
[7.375699147328425e-15, -1.1934993341393644e-12, -2.169609859749791e-13, 4.555848941279538e-11, -2.3679511353277087e-10, -8.782555819286754e-16, 9.740436392344293e-16, 1.8953365256145387e-05, -1.5696752036360111e-06, -1.1383653541903233e-08, 6.698255611805521e-10]
[7.375699147328425e-15, -1.1934993341393644e-12, -2.0979074959882693e-13, 4.084158523845344e-11, -2.2593691453102169e-10, -1.0300012815487376e-15, 9.740436392344293e-16, 2.1111782360238827e-05, -1.6420250210862067e-06, -1.263205649318803e-08, 6.897097605544499e-10]
[7.375699147328425e-15, -1.4089623128447128e-12, -2.4631831090062446e-13, 3.9109119539130496e-11, -2.379602865755584e-10, -9.906441628947423e-16, 1.039477637150391e-15, 2.24485161304864e-05, -1.7142785741346277e-06, -1.263205649318803e-08, 6.850303552554298e-10]

After Selection
[7.375699147328425e-15, -1.122222213065028e-12, -2.3881138476890227e-13, 4.363462720428351e-11, -2.553096835764257e-10, -1.107558829700042e-15, 1.0872598527075788e-15, 2.241887657539254e-05, -1.6301900475824403e-06, -1.3396023021165205e-08, 7.223479052778392e-10]
[7.375699147328425e-15, -1.1660523157282927e-12, -2.289274293715322e-13, 5.2469554848995196e-11, -2.402101267536652e-10, -8.943460427438992e-16, 1.0027770444200445e-15, 2.054559911382203e-05, -1.4796789452353707e-06, -1.263205649318803e-08, 6.935140014324738e-10]
[7.375699147328425e-15, -1.122222213065028e-12, -2.3881138476890227e-13, 4.363462720428351e-11, -2.553096835764257e-10, -1.107558829700042e-15, 1.0872598527075788e-15, 2.241887657539254e-05, -1.6301900475824403e-06, -1.3396023021165205e-08, 7.223479052778392e-10]
[7.375699147328425e-15, -1.4172004865389227e-12, -2.0746525288171354e-13, 4.424090588902689e-11, -2.2593691453102169e-10, -8.782555819286754e-16, 9.72584133972622e-16, 1.9581492933780793e-05, -1.8112820747641138e-06, -1.1383653541903233e-08, 7.742284862980897e-10]
[7.375699147328425e-15, -1.1660523157282927e-12, -2.289274293715322e-13, 5.2469554848995196e-11, -2.402101267536652e-10, -8.943460427438992e-16, 1.0027770444200445e-15, 2.054559911382203e-05, -1.4796789452353707e-06, -1.263205649318803e-08, 6.935140014324738e-10]
[7.375699147328425e-15, -1.4172004865389227e-12, -2.0746525288171354e-13, 4.424090588902689e-11, -2.2593691453102169e-10, -8.782555819286754e-16, 9.72584133972622e-16, 1.9581492933780793e-05, -1.8112820747641138e-06, -1.1383653541903233e-08, 7.742284862980897e-10]
[7.375699147328425e-15, -1.122222213065028e-12, -2.3881138476890227e-13, 4.363462720428351e-11, -2.553096835764257e-10, -1.107558829700042e-15, 1.0872598527075788e-15, 2.241887657539254e-05, -1.6301900475824403e-06, -1.3396023021165205e-08, 7.223479052778392e-10]
[7.375699147328425e-15, -1.1660523157282927e-12, -2.289274293715322e-13, 5.2469554848995196e-11, -2.402101267536652e-10, -8.943460427438992e-16, 1.0027770444200445e-15, 2.054559911382203e-05, -1.4796789452353707e-06, -1.263205649318803e-08, 6.935140014324738e-10]

After Crossover
[7.375699147328425e-15, -1.122222213065028e-12, -2.3881138476890227e-13, 4.363462720428351e-11, -2.553096835764257e-10, -1.107558829700042e-15, 1.0027770444200445e-15, 2.054559911382203e-05, -1.4796789452353707e-06, -1.263205649318803e-08, 6.935140014324738e-10]
[7.375699147328425e-15, -1.1660523157282927e-12, -2.289274293715322e-13, 5.2469554848995196e-11, -2.402101267536652e-10, -8.943460427438992e-16, 1.0872598527075788e-15, 2.241887657539254e-05, -1.6301900475824403e-06, -1.3396023021165205e-08, 7.223479052778392e-10]
[7.375699147328425e-15, -1.122222213065028e-12, -2.3881138476890227e-13, 4.363462720428351e-11, -2.553096835764257e-10, -1.107558829700042e-15, 1.0872598527075788e-15, 2.241887657539254e-05, -1.8112820747641138e-06, -1.1383653541903233e-08, 7.742284862980897e-10]
[7.375699147328425e-15, -1.4172004865389227e-12, -2.0746525288171354e-13, 4.424090588902689e-11, -2.2593691453102169e-10, -8.782555819286754e-16, 9.72584133972622e-16, 1.9581492933780793e-05, -1.6301900475824403e-06, -1.3396023021165205e-08, 7.223479052778392e-10]
[7.375699147328425e-15, -1.1660523157282927e-12, -2.289274293715322e-13, 5.2469554848995196e-11, -2.2593691453102169e-10, -8.782555819286754e-16, 9.72584133972622e-16, 1.9581492933780793e-05, -1.8112820747641138e-06, -1.1383653541903233e-08, 7.742284862980897e-10]
[7.375699147328425e-15, -1.4172004865389227e-12, -2.0746525288171354e-13, 4.424090588902689e-11, -2.402101267536652e-10, -8.943460427438992e-16, 1.0027770444200445e-15, 2.054559911382203e-05, -1.4796789452353707e-06, -1.263205649318803e-08, 6.935140014324738e-10]
[7.375699147328425e-15, -1.122222213065028e-12, -2.3881138476890227e-13, 4.363462720428351e-11, -2.553096835764257e-10, -1.107558829700042e-15, 1.0872598527075788e-15, 2.241887657539254e-05, -1.6301900475824403e-06, -1.3396023021165205e-08, 7.223479052778392e-10]
[7.375699147328425e-15, -1.1660523157282927e-12, -2.289274293715322e-13, 5.2469554848995196e-11, -2.402101267536652e-10, -8.943460427438992e-16, 1.0027770444200445e-15, 2.054559911382203e-05, -1.4796789452353707e-06, -1.263205649318803e-08, 6.935140014324738e-10]

After Mutation
[7.375699147328425e-15, -1.122222213065028e-12, -2.1814133823030317e-13, 4.685678994346231e-11, -2.4704341274188696e-10, -1.0473922338198722e-15, 1.0027770444200445e-15, 2.054559911382203e-05, -1.3269491520254304e-06, -1.2743964710903018e-08, 6.201494347695956e-10]
[7.375699147328425e-15, -1.2854499811517254e-12, -2.289274293715322e-13, 5.27006706213296e-11, -2.2689858137573892e-10, -7.248196718095194e-16, 1.0585665275310549e-15, 2.3728611523257383e-05, -1.7723094437534483e-06, -1.3574874015535948e-08, 7.223479052778392e-10]
[7.375699147328425e-15, -1.122222213065028e-12, -2.534778638814609e-13, 4.1052084639574244e-11, -2.4325675781208865e-10, -1.107558829700042e-15, 1.0872598527075788e-15, 1.9581492933780793e-05, -1.8112820747641138e-06, -1.238566860812382e-08, 7.742284862980897e-10]
[7.375699147328425e-15, -1.4172004865389227e-12, -2.0746525288171354e-13, 4.6845815487696725e-11, -2.2593691453102169e-10, -1.0248127074623081e-15, 9.370120662804132e-16, 2.241887657539254e-05, -1.5166580403274871e-06, -1.2361556302828095e-08, 7.223479052778392e-10]
[7.375699147328425e-15, -1.1660523157282927e-12, -2.246996666231367e-13, 5.547277811870267e-11, -2.245776308743844e-10, -8.782555819286754e-16, 9.09109287565805e-16, 2.176107496991687e-05, -1.8112820747641138e-06, -1.1383653541903233e-08, 8.081308528699176e-10]
[7.375699147328425e-15, -1.3088855475256323e-12, -2.217661084730913e-13, 4.273194678919169e-11, -2.2593691453102169e-10, -8.273352637313705e-16, 1.0027770444200445e-15, 1.8906869601916173e-05, -1.5848389897024355e-06, -1.1369615046680695e-08, 6.935140014324738e-10]
[7.375699147328425e-15, -1.122222213065028e-12, -2.599028766553806e-13, 4.758625229049151e-11, -2.553096835764257e-10, -1.0374357033898518e-15, 1.0872598527075788e-15, 2.241887657539254e-05, -1.6050322726568415e-06, -1.4466124263969912e-08, 6.837233396848819e-10]
[7.375699147328425e-15, -1.1073740815484994e-12, -2.289274293715322e-13, 5.1220517192505724e-11, -2.3786572393210756e-10, -8.943460427438992e-16, 1.0854454331006864e-15, 1.9103004880381333e-05, -1.4761575634974778e-06, -1.1726086240052761e-08, 7.182729812626985e-10]

----------------------------------------------------------------------------------------------------------------------------------

Generation  4 :
Initial Population
[7.375699147328425e-15, -1.122222213065028e-12, -2.1814133823030317e-13, 4.685678994346231e-11, -2.4704341274188696e-10, -1.0473922338198722e-15, 1.0027770444200445e-15, 2.054559911382203e-05, -1.3269491520254304e-06, -1.2743964710903018e-08, 6.201494347695956e-10]
[7.375699147328425e-15, -1.3088855475256323e-12, -2.217661084730913e-13, 4.273194678919169e-11, -2.2593691453102169e-10, -8.273352637313705e-16, 1.0027770444200445e-15, 1.8906869601916173e-05, -1.5848389897024355e-06, -1.1369615046680695e-08, 6.935140014324738e-10]
[7.375699147328425e-15, -1.1660523157282927e-12, -2.246996666231367e-13, 5.547277811870267e-11, -2.245776308743844e-10, -8.782555819286754e-16, 9.09109287565805e-16, 2.176107496991687e-05, -1.8112820747641138e-06, -1.1383653541903233e-08, 8.081308528699176e-10]
[7.375699147328425e-15, -1.122222213065028e-12, -2.534778638814609e-13, 4.1052084639574244e-11, -2.4325675781208865e-10, -1.107558829700042e-15, 1.0872598527075788e-15, 1.9581492933780793e-05, -1.8112820747641138e-06, -1.238566860812382e-08, 7.742284862980897e-10]
[7.375699147328425e-15, -1.1073740815484994e-12, -2.289274293715322e-13, 5.1220517192505724e-11, -2.3786572393210756e-10, -8.943460427438992e-16, 1.0854454331006864e-15, 1.9103004880381333e-05, -1.4761575634974778e-06, -1.1726086240052761e-08, 7.182729812626985e-10]
[7.375699147328425e-15, -1.4172004865389227e-12, -2.0746525288171354e-13, 4.6845815487696725e-11, -2.2593691453102169e-10, -1.0248127074623081e-15, 9.370120662804132e-16, 2.241887657539254e-05, -1.5166580403274871e-06, -1.2361556302828095e-08, 7.223479052778392e-10]
[7.375699147328425e-15, -1.2854499811517254e-12, -2.289274293715322e-13, 5.27006706213296e-11, -2.2689858137573892e-10, -7.248196718095194e-16, 1.0585665275310549e-15, 2.3728611523257383e-05, -1.7723094437534483e-06, -1.3574874015535948e-08, 7.223479052778392e-10]
[7.375699147328425e-15, -1.122222213065028e-12, -2.599028766553806e-13, 4.758625229049151e-11, -2.553096835764257e-10, -1.0374357033898518e-15, 1.0872598527075788e-15, 2.241887657539254e-05, -1.6050322726568415e-06, -1.4466124263969912e-08, 6.837233396848819e-10]

After Selection
[7.375699147328425e-15, -1.122222213065028e-12, -2.1814133823030317e-13, 4.685678994346231e-11, -2.4704341274188696e-10, -1.0473922338198722e-15, 1.0027770444200445e-15, 2.054559911382203e-05, -1.3269491520254304e-06, -1.2743964710903018e-08, 6.201494347695956e-10]
[7.375699147328425e-15, -1.3088855475256323e-12, -2.217661084730913e-13, 4.273194678919169e-11, -2.2593691453102169e-10, -8.273352637313705e-16, 1.0027770444200445e-15, 1.8906869601916173e-05, -1.5848389897024355e-06, -1.1369615046680695e-08, 6.935140014324738e-10]
[7.375699147328425e-15, -1.122222213065028e-12, -2.1814133823030317e-13, 4.685678994346231e-11, -2.4704341274188696e-10, -1.0473922338198722e-15, 1.0027770444200445e-15, 2.054559911382203e-05, -1.3269491520254304e-06, -1.2743964710903018e-08, 6.201494347695956e-10]
[7.375699147328425e-15, -1.1660523157282927e-12, -2.246996666231367e-13, 5.547277811870267e-11, -2.245776308743844e-10, -8.782555819286754e-16, 9.09109287565805e-16, 2.176107496991687e-05, -1.8112820747641138e-06, -1.1383653541903233e-08, 8.081308528699176e-10]
[7.375699147328425e-15, -1.3088855475256323e-12, -2.217661084730913e-13, 4.273194678919169e-11, -2.2593691453102169e-10, -8.273352637313705e-16, 1.0027770444200445e-15, 1.8906869601916173e-05, -1.5848389897024355e-06, -1.1369615046680695e-08, 6.935140014324738e-10]
[7.375699147328425e-15, -1.1660523157282927e-12, -2.246996666231367e-13, 5.547277811870267e-11, -2.245776308743844e-10, -8.782555819286754e-16, 9.09109287565805e-16, 2.176107496991687e-05, -1.8112820747641138e-06, -1.1383653541903233e-08, 8.081308528699176e-10]
[7.375699147328425e-15, -1.122222213065028e-12, -2.1814133823030317e-13, 4.685678994346231e-11, -2.4704341274188696e-10, -1.0473922338198722e-15, 1.0027770444200445e-15, 2.054559911382203e-05, -1.3269491520254304e-06, -1.2743964710903018e-08, 6.201494347695956e-10]
[7.375699147328425e-15, -1.3088855475256323e-12, -2.217661084730913e-13, 4.273194678919169e-11, -2.2593691453102169e-10, -8.273352637313705e-16, 1.0027770444200445e-15, 1.8906869601916173e-05, -1.5848389897024355e-06, -1.1369615046680695e-08, 6.935140014324738e-10]

After Crossover
[7.375699147328425e-15, -1.122222213065028e-12, -2.1814133823030317e-13, 4.685678994346231e-11, -2.4704341274188696e-10, -1.0473922338198722e-15, 1.0027770444200445e-15, 2.054559911382203e-05, -1.5848389897024355e-06, -1.1369615046680695e-08, 6.935140014324738e-10]
[7.375699147328425e-15, -1.3088855475256323e-12, -2.217661084730913e-13, 4.273194678919169e-11, -2.2593691453102169e-10, -8.273352637313705e-16, 1.0027770444200445e-15, 1.8906869601916173e-05, -1.3269491520254304e-06, -1.2743964710903018e-08, 6.201494347695956e-10]
[7.375699147328425e-15, -1.122222213065028e-12, -2.1814133823030317e-13, 4.685678994346231e-11, -2.245776308743844e-10, -8.782555819286754e-16, 9.09109287565805e-16, 2.176107496991687e-05, -1.8112820747641138e-06, -1.1383653541903233e-08, 8.081308528699176e-10]
[7.375699147328425e-15, -1.1660523157282927e-12, -2.246996666231367e-13, 5.547277811870267e-11, -2.4704341274188696e-10, -1.0473922338198722e-15, 1.0027770444200445e-15, 2.054559911382203e-05, -1.3269491520254304e-06, -1.2743964710903018e-08, 6.201494347695956e-10]
[7.375699147328425e-15, -1.3088855475256323e-12, -2.217661084730913e-13, 4.273194678919169e-11, -2.245776308743844e-10, -8.782555819286754e-16, 9.09109287565805e-16, 2.176107496991687e-05, -1.8112820747641138e-06, -1.1383653541903233e-08, 8.081308528699176e-10]
[7.375699147328425e-15, -1.1660523157282927e-12, -2.246996666231367e-13, 5.547277811870267e-11, -2.2593691453102169e-10, -8.273352637313705e-16, 1.0027770444200445e-15, 1.8906869601916173e-05, -1.5848389897024355e-06, -1.1369615046680695e-08, 6.935140014324738e-10]
[7.375699147328425e-15, -1.122222213065028e-12, -2.1814133823030317e-13, 4.685678994346231e-11, -2.4704341274188696e-10, -1.0473922338198722e-15, 1.0027770444200445e-15, 2.054559911382203e-05, -1.3269491520254304e-06, -1.2743964710903018e-08, 6.201494347695956e-10]
[7.375699147328425e-15, -1.3088855475256323e-12, -2.217661084730913e-13, 4.273194678919169e-11, -2.2593691453102169e-10, -8.273352637313705e-16, 1.0027770444200445e-15, 1.8906869601916173e-05, -1.5848389897024355e-06, -1.1369615046680695e-08, 6.935140014324738e-10]

After Mutation
[7.375699147328425e-15, -1.2666076663827222e-12, -2.2569781667596416e-13, 4.685678994346231e-11, -2.476203386447061e-10, -1.104382275892989e-15, 1.0027770444200445e-15, 1.971413976823534e-05, -1.5848389897024355e-06, -1.2875481245711998e-08, 6.015567531961518e-10]
[7.375699147328425e-15, -1.3088855475256323e-12, -2.217661084730913e-13, 4.023761283819731e-11, -2.2593691453102169e-10, -8.273352637313705e-16, 9.48272256897753e-16, 1.874544873126712e-05, -1.3269491520254304e-06, -1.3619477008544482e-08, 5.769900823674102e-10]
[7.375699147328425e-15, -1.0589095962641484e-12, -2.1814133823030317e-13, 5.216439259928209e-11, -2.245776308743844e-10, -7.923351341219014e-16, 8.88351032894487e-16, 2.251747207162992e-05, -1.8436709111788219e-06, -1.1383653541903233e-08, 8.182736731691173e-10]
[7.375699147328425e-15, -1.1660523157282927e-12, -2.400014493283552e-13, 4.685678994346231e-11, -2.4025689234386885e-10, -1.0473922338198722e-15, 1.0833329245661323e-15, 1.847762414194029e-05, -1.2073242563236925e-06, -1.2167002125706303e-08, 7.107149068392092e-10]
[7.375699147328425e-15, -1.3363133182275858e-12, -2.369702313880455e-13, 4.297434745046427e-11, -2.145059758720018e-10, -1.0197960924064007e-15, 8.5844052231566185e-16, 2.301744043794759e-05, -1.9354126884803198e-06, -1.243704618396379e-08, 7.134650449837395e-10]
[7.375699147328425e-15, -1.1660523157282927e-12, -2.246996666231367e-13, 5.096426172242634e-11, -2.2593691453102169e-10, -8.184554545173625e-16, 9.38588703455736e-16, 1.760539529135488e-05, -1.5848389897024355e-06, -1.1614893845061027e-08, 6.935140014324738e-10]
[7.375699147328425e-15, -1.189993613498748e-12, -2.066993068111932e-13, 4.685678994346231e-11, -2.455215255160752e-10, -1.0473922338198722e-15, 1.0390424705351169e-15, 2.2262344134106968e-05, -1.3269491520254304e-06, -1.2743964710903018e-08, 6.340835557263948e-10]
[7.375699147328425e-15, -1.326753622606501e-12, -2.217661084730913e-13, 4.273194678919169e-11, -2.26887731839432e-10, -8.273352637313705e-16, 1.0027770444200445e-15, 2.0528473822108272e-05, -1.6677691824308829e-06, -1.1369615046680695e-08, 6.935140014324738e-10]

----------------------------------------------------------------------------------------------------------------------------------

Generation  5 :
Initial Population
[7.375699147328425e-15, -1.1660523157282927e-12, -2.246996666231367e-13, 5.096426172242634e-11, -2.2593691453102169e-10, -8.184554545173625e-16, 9.38588703455736e-16, 1.760539529135488e-05, -1.5848389897024355e-06, -1.1614893845061027e-08, 6.935140014324738e-10]
[7.375699147328425e-15, -1.326753622606501e-12, -2.217661084730913e-13, 4.273194678919169e-11, -2.26887731839432e-10, -8.273352637313705e-16, 1.0027770444200445e-15, 2.0528473822108272e-05, -1.6677691824308829e-06, -1.1369615046680695e-08, 6.935140014324738e-10]
[7.375699147328425e-15, -1.0589095962641484e-12, -2.1814133823030317e-13, 5.216439259928209e-11, -2.245776308743844e-10, -7.923351341219014e-16, 8.88351032894487e-16, 2.251747207162992e-05, -1.8436709111788219e-06, -1.1383653541903233e-08, 8.182736731691173e-10]
[7.375699147328425e-15, -1.189993613498748e-12, -2.066993068111932e-13, 4.685678994346231e-11, -2.455215255160752e-10, -1.0473922338198722e-15, 1.0390424705351169e-15, 2.2262344134106968e-05, -1.3269491520254304e-06, -1.2743964710903018e-08, 6.340835557263948e-10]
[7.375699147328425e-15, -1.3088855475256323e-12, -2.217661084730913e-13, 4.023761283819731e-11, -2.2593691453102169e-10, -8.273352637313705e-16, 9.48272256897753e-16, 1.874544873126712e-05, -1.3269491520254304e-06, -1.3619477008544482e-08, 5.769900823674102e-10]
[7.375699147328425e-15, -1.3363133182275858e-12, -2.369702313880455e-13, 4.297434745046427e-11, -2.145059758720018e-10, -1.0197960924064007e-15, 8.5844052231566185e-16, 2.301744043794759e-05, -1.9354126884803198e-06, -1.243704618396379e-08, 7.134650449837395e-10]
[7.375699147328425e-15, -1.2666076663827222e-12, -2.2569781667596416e-13, 4.685678994346231e-11, -2.476203386447061e-10, -1.104382275892989e-15, 1.0027770444200445e-15, 1.971413976823534e-05, -1.5848389897024355e-06, -1.2875481245711998e-08, 6.015567531961518e-10]
[7.375699147328425e-15, -1.1660523157282927e-12, -2.400014493283552e-13, 4.685678994346231e-11, -2.4025689234386885e-10, -1.0473922338198722e-15, 1.0833329245661323e-15, 1.847762414194029e-05, -1.2073242563236925e-06, -1.2167002125706303e-08, 7.107149068392092e-10]

After Selection
[7.375699147328425e-15, -1.1660523157282927e-12, -2.246996666231367e-13, 5.096426172242634e-11, -2.2593691453102169e-10, -8.184554545173625e-16, 9.38588703455736e-16, 1.760539529135488e-05, -1.5848389897024355e-06, -1.1614893845061027e-08, 6.935140014324738e-10]
[7.375699147328425e-15, -1.326753622606501e-12, -2.217661084730913e-13, 4.273194678919169e-11, -2.26887731839432e-10, -8.273352637313705e-16, 1.0027770444200445e-15, 2.0528473822108272e-05, -1.6677691824308829e-06, -1.1369615046680695e-08, 6.935140014324738e-10]
[7.375699147328425e-15, -1.1660523157282927e-12, -2.246996666231367e-13, 5.096426172242634e-11, -2.2593691453102169e-10, -8.184554545173625e-16, 9.38588703455736e-16, 1.760539529135488e-05, -1.5848389897024355e-06, -1.1614893845061027e-08, 6.935140014324738e-10]
[7.375699147328425e-15, -1.0589095962641484e-12, -2.1814133823030317e-13, 5.216439259928209e-11, -2.245776308743844e-10, -7.923351341219014e-16, 8.88351032894487e-16, 2.251747207162992e-05, -1.8436709111788219e-06, -1.1383653541903233e-08, 8.182736731691173e-10]
[7.375699147328425e-15, -1.326753622606501e-12, -2.217661084730913e-13, 4.273194678919169e-11, -2.26887731839432e-10, -8.273352637313705e-16, 1.0027770444200445e-15, 2.0528473822108272e-05, -1.6677691824308829e-06, -1.1369615046680695e-08, 6.935140014324738e-10]
[7.375699147328425e-15, -1.0589095962641484e-12, -2.1814133823030317e-13, 5.216439259928209e-11, -2.245776308743844e-10, -7.923351341219014e-16, 8.88351032894487e-16, 2.251747207162992e-05, -1.8436709111788219e-06, -1.1383653541903233e-08, 8.182736731691173e-10]
[7.375699147328425e-15, -1.1660523157282927e-12, -2.246996666231367e-13, 5.096426172242634e-11, -2.2593691453102169e-10, -8.184554545173625e-16, 9.38588703455736e-16, 1.760539529135488e-05, -1.5848389897024355e-06, -1.1614893845061027e-08, 6.935140014324738e-10]
[7.375699147328425e-15, -1.326753622606501e-12, -2.217661084730913e-13, 4.273194678919169e-11, -2.26887731839432e-10, -8.273352637313705e-16, 1.0027770444200445e-15, 2.0528473822108272e-05, -1.6677691824308829e-06, -1.1369615046680695e-08, 6.935140014324738e-10]

After Crossover
[7.375699147328425e-15, -1.1660523157282927e-12, -2.246996666231367e-13, 5.096426172242634e-11, -2.26887731839432e-10, -8.273352637313705e-16, 1.0027770444200445e-15, 2.0528473822108272e-05, -1.6677691824308829e-06, -1.1369615046680695e-08, 6.935140014324738e-10]
[7.375699147328425e-15, -1.326753622606501e-12, -2.217661084730913e-13, 4.273194678919169e-11, -2.2593691453102169e-10, -8.184554545173625e-16, 9.38588703455736e-16, 1.760539529135488e-05, -1.5848389897024355e-06, -1.1614893845061027e-08, 6.935140014324738e-10]
[7.375699147328425e-15, -1.1660523157282927e-12, -2.246996666231367e-13, 5.096426172242634e-11, -2.2593691453102169e-10, -7.923351341219014e-16, 8.88351032894487e-16, 2.251747207162992e-05, -1.8436709111788219e-06, -1.1383653541903233e-08, 8.182736731691173e-10]
