
----------------------------------------------------------------------------------------------------------------------------------

Generation  1 :
Initial Population
[-9.661527447990798, -1.416760379584974e-12, -2.238110761758012e-13, 4.3521409316133006e-11, -1.7531080620110596e-10, -1.6887271471668223e-15, 7.550634945335394e-16, 2.4471985931148182e-05, -1.8749499202503112e-06, -1.5112162518034774e-08, 8.771096219948583e-10]
[-9.661527447990798, -1.416760379584974e-12, -2.227746962708913e-13, 4.343393104220882e-11, -1.7654833308943034e-10, -1.6987900896457162e-15, 7.598098886107856e-16, 2.441025472589688e-05, -1.8749499202503112e-06, -1.519517826892869e-08, 8.805602245216057e-10]
[-9.661527447990798, -1.416760379584974e-12, -2.238110761758012e-13, 4.3521409316133006e-11, -1.7531080620110596e-10, -1.6788137373034873e-15, 7.505057218765466e-16, 2.4270328099722253e-05, -1.8670568056034777e-06, -1.5029435789118795e-08, 8.771096219948583e-10]
[-9.714437076191942, -1.4217064740517816e-12, -2.238110761758012e-13, 4.343829688084508e-11, -1.7701888637610712e-10, -1.689591674613244e-15, 7.574761657638401e-16, 2.4471985931148182e-05, -1.8728907947740921e-06, -1.5124875632389946e-08, 8.730607316467807e-10]
[-9.602794377994853, -1.416760379584974e-12, -2.2598792537590986e-13, 4.3521409316133006e-11, -1.7693423421877405e-10, -1.7025251180609761e-15, 7.585391432595028e-16, 2.47092643095942e-05, -1.871576153734011e-06, -1.5112162518034774e-08, 8.786157239303485e-10]
[-9.661527447990798, -1.416760379584974e-12, -2.238110761758012e-13, 4.3741174292031425e-11, -1.7517029999106998e-10, -1.6909734582344201e-15, 7.494191248300765e-16, 2.445963094716638e-05, -1.8749499202503112e-06, -1.509507398471341e-08, 8.725784553455558e-10]
[-9.581111967013046, -1.4285355003826689e-12, -2.2190075885882766e-13, 4.3521409316133006e-11, -1.7365767335583572e-10, -1.6776988042355788e-15, 7.550634945335394e-16, 2.4444291582777195e-05, -1.8754328989604254e-06, -1.4988519855614465e-08, 8.811445379182425e-10]
[-9.661527447990798, -1.416760379584974e-12, -2.2166590431453304e-13, 4.3521409316133006e-11, -1.7531080620110596e-10, -1.6887271471668223e-15, 7.550634945335394e-16, 2.4471985931148182e-05, -1.8749499202503112e-06, -1.5231556462985222e-08, 8.728845806287343e-10]

After Selection
[-9.661527447990798, -1.416760379584974e-12, -2.238110761758012e-13, 4.3521409316133006e-11, -1.7531080620110596e-10, -1.6887271471668223e-15, 7.550634945335394e-16, 2.4471985931148182e-05, -1.8749499202503112e-06, -1.5112162518034774e-08, 8.771096219948583e-10]
[-9.661527447990798, -1.416760379584974e-12, -2.227746962708913e-13, 4.343393104220882e-11, -1.7654833308943034e-10, -1.6987900896457162e-15, 7.598098886107856e-16, 2.441025472589688e-05, -1.8749499202503112e-06, -1.519517826892869e-08, 8.805602245216057e-10]
[-9.661527447990798, -1.416760379584974e-12, -2.238110761758012e-13, 4.3521409316133006e-11, -1.7531080620110596e-10, -1.6887271471668223e-15, 7.550634945335394e-16, 2.4471985931148182e-05, -1.8749499202503112e-06, -1.5112162518034774e-08, 8.771096219948583e-10]
[-9.661527447990798, -1.416760379584974e-12, -2.238110761758012e-13, 4.3521409316133006e-11, -1.7531080620110596e-10, -1.6788137373034873e-15, 7.505057218765466e-16, 2.4270328099722253e-05, -1.8670568056034777e-06, -1.5029435789118795e-08, 8.771096219948583e-10]
[-9.661527447990798, -1.416760379584974e-12, -2.227746962708913e-13, 4.343393104220882e-11, -1.7654833308943034e-10, -1.6987900896457162e-15, 7.598098886107856e-16, 2.441025472589688e-05, -1.8749499202503112e-06, -1.519517826892869e-08, 8.805602245216057e-10]
[-9.661527447990798, -1.416760379584974e-12, -2.238110761758012e-13, 4.3521409316133006e-11, -1.7531080620110596e-10, -1.6788137373034873e-15, 7.505057218765466e-16, 2.4270328099722253e-05, -1.8670568056034777e-06, -1.5029435789118795e-08, 8.771096219948583e-10]
[-9.661527447990798, -1.416760379584974e-12, -2.238110761758012e-13, 4.3521409316133006e-11, -1.7531080620110596e-10, -1.6887271471668223e-15, 7.550634945335394e-16, 2.4471985931148182e-05, -1.8749499202503112e-06, -1.5112162518034774e-08, 8.771096219948583e-10]
[-9.661527447990798, -1.416760379584974e-12, -2.227746962708913e-13, 4.343393104220882e-11, -1.7654833308943034e-10, -1.6987900896457162e-15, 7.598098886107856e-16, 2.441025472589688e-05, -1.8749499202503112e-06, -1.519517826892869e-08, 8.805602245216057e-10]

After Crossover
[-9.661527447990798, -1.416760379584974e-12, -2.238110761758012e-13, 4.343393104220882e-11, -1.7654833308943034e-10, -1.6987900896457162e-15, 7.598098886107856e-16, 2.441025472589688e-05, -1.8749499202503112e-06, -1.519517826892869e-08, 8.805602245216057e-10]
[-9.661527447990798, -1.416760379584974e-12, -2.227746962708913e-13, 4.3521409316133006e-11, -1.7531080620110596e-10, -1.6887271471668223e-15, 7.550634945335394e-16, 2.4471985931148182e-05, -1.8749499202503112e-06, -1.5112162518034774e-08, 8.771096219948583e-10]
[-9.661527447990798, -1.416760379584974e-12, -2.238110761758012e-13, 4.3521409316133006e-11, -1.7531080620110596e-10, -1.6788137373034873e-15, 7.505057218765466e-16, 2.4270328099722253e-05, -1.8670568056034777e-06, -1.5029435789118795e-08, 8.771096219948583e-10]
[-9.661527447990798, -1.416760379584974e-12, -2.238110761758012e-13, 4.3521409316133006e-11, -1.7531080620110596e-10, -1.6887271471668223e-15, 7.550634945335394e-16, 2.4471985931148182e-05, -1.8749499202503112e-06, -1.5112162518034774e-08, 8.771096219948583e-10]
[-9.661527447990798, -1.416760379584974e-12, -2.227746962708913e-13, 4.343393104220882e-11, -1.7654833308943034e-10, -1.6987900896457162e-15, 7.598098886107856e-16, 2.4270328099722253e-05, -1.8670568056034777e-06, -1.5029435789118795e-08, 8.771096219948583e-10]
[-9.661527447990798, -1.416760379584974e-12, -2.238110761758012e-13, 4.3521409316133006e-11, -1.7531080620110596e-10, -1.6788137373034873e-15, 7.505057218765466e-16, 2.441025472589688e-05, -1.8749499202503112e-06, -1.519517826892869e-08, 8.805602245216057e-10]
[-9.661527447990798, -1.416760379584974e-12, -2.238110761758012e-13, 4.3521409316133006e-11, -1.7531080620110596e-10, -1.6887271471668223e-15, 7.550634945335394e-16, 2.4471985931148182e-05, -1.8749499202503112e-06, -1.5112162518034774e-08, 8.771096219948583e-10]
[-9.661527447990798, -1.416760379584974e-12, -2.227746962708913e-13, 4.343393104220882e-11, -1.7654833308943034e-10, -1.6987900896457162e-15, 7.598098886107856e-16, 2.441025472589688e-05, -1.8749499202503112e-06, -1.519517826892869e-08, 8.805602245216057e-10]

After Mutation
[-9.661527447990798, -1.4141612612848289e-12, -2.2548712976192312e-13, 4.317604406840828e-11, -1.7675544169211925e-10, -1.7001436398043802e-15, 7.663446271439601e-16, 2.441025472589688e-05, -1.8749499202503112e-06, -1.506018800152442e-08, 8.805602245216057e-10]
[-9.626260865291968, -1.424765465775472e-12, -2.2168669402724737e-13, 4.3521409316133006e-11, -1.767211488229994e-10, -1.6651060008841917e-15, 7.485939693696901e-16, 2.409210043909162e-05, -1.8670568056034777e-06, -1.513050062157873e-08, 8.771096219948583e-10]
[-9.616715668781543, -1.416760379584974e-12, -2.2396057420760196e-13, 4.387318153425623e-11, -1.7531080620110596e-10, -1.6828441416780856e-15, 7.57661626583905e-16, 2.4471985931148182e-05, -1.8706119381473537e-06, -1.5112162518034774e-08, 8.751419578854706e-10]
[-9.69973324890023, -1.4096942527164674e-12, -2.2113366924509482e-13, 4.343393104220882e-11, -1.7645070951946651e-10, -1.701505743370628e-15, 7.648262170002363e-16, 2.4289797593272885e-05, -1.8716840467333905e-06, -1.5151683559771984e-08, 8.771096219948583e-10]
[-9.661527447990798, -1.416760379584974e-12, -2.227746962708913e-13, 4.310733134943196e-11, -1.7584504415600913e-10, -1.7058620186758006e-15, 7.590559483103488e-16, 2.4288559575801652e-05, -1.8749499202503112e-06, -1.5247275332772672e-08, 8.686344894111848e-10]
[-9.661527447990798, -1.416760379584974e-12, -2.238110761758012e-13, 4.3521409316133006e-11, -1.7558628925873008e-10, -1.6788137373034873e-15, 7.574761657638401e-16, 2.456461942975199e-05, -1.8728907947740921e-06, -1.5124875632389946e-08, 8.689726518540735e-10]
[-9.628662802647275, -1.416760379584974e-12, -2.238110761758012e-13, 4.378100722062784e-11, -1.7685351971825595e-10, -1.6804428217068605e-15, 7.479221858254629e-16, 2.4279477218457858e-05, -1.8565996703186259e-06, -1.5057093141531728e-08, 8.838120113596222e-10]
[-9.661527447990798, -1.4306080706739157e-12, -2.227746962708913e-13, 4.343393104220882e-11, -1.7572000518999024e-10, -1.6910439278219845e-15, 7.672443239253168e-16, 2.4181237446890767e-05, -1.8875465727345208e-06, -1.519517826892869e-08, 8.821033979424094e-10]

----------------------------------------------------------------------------------------------------------------------------------

Generation  2 :
Initial Population
[-9.626260865291968, -1.424765465775472e-12, -2.2168669402724737e-13, 4.3521409316133006e-11, -1.767211488229994e-10, -1.6651060008841917e-15, 7.485939693696901e-16, 2.409210043909162e-05, -1.8670568056034777e-06, -1.513050062157873e-08, 8.771096219948583e-10]
[-9.616715668781543, -1.416760379584974e-12, -2.2396057420760196e-13, 4.387318153425623e-11, -1.7531080620110596e-10, -1.6828441416780856e-15, 7.57661626583905e-16, 2.4471985931148182e-05, -1.8706119381473537e-06, -1.5112162518034774e-08, 8.751419578854706e-10]
[-9.69973324890023, -1.4096942527164674e-12, -2.2113366924509482e-13, 4.343393104220882e-11, -1.7645070951946651e-10, -1.701505743370628e-15, 7.648262170002363e-16, 2.4289797593272885e-05, -1.8716840467333905e-06, -1.5151683559771984e-08, 8.771096219948583e-10]
[-9.661527447990798, -1.4141612612848289e-12, -2.2548712976192312e-13, 4.317604406840828e-11, -1.7675544169211925e-10, -1.7001436398043802e-15, 7.663446271439601e-16, 2.441025472589688e-05, -1.8749499202503112e-06, -1.506018800152442e-08, 8.805602245216057e-10]
[-9.661527447990798, -1.4306080706739157e-12, -2.227746962708913e-13, 4.343393104220882e-11, -1.7572000518999024e-10, -1.6910439278219845e-15, 7.672443239253168e-16, 2.4181237446890767e-05, -1.8875465727345208e-06, -1.519517826892869e-08, 8.821033979424094e-10]
[-9.661527447990798, -1.416760379584974e-12, -2.238110761758012e-13, 4.3521409316133006e-11, -1.7558628925873008e-10, -1.6788137373034873e-15, 7.574761657638401e-16, 2.456461942975199e-05, -1.8728907947740921e-06, -1.5124875632389946e-08, 8.689726518540735e-10]
[-9.661527447990798, -1.416760379584974e-12, -2.227746962708913e-13, 4.310733134943196e-11, -1.7584504415600913e-10, -1.7058620186758006e-15, 7.590559483103488e-16, 2.4288559575801652e-05, -1.8749499202503112e-06, -1.5247275332772672e-08, 8.686344894111848e-10]
[-9.628662802647275, -1.416760379584974e-12, -2.238110761758012e-13, 4.378100722062784e-11, -1.7685351971825595e-10, -1.6804428217068605e-15, 7.479221858254629e-16, 2.4279477218457858e-05, -1.8565996703186259e-06, -1.5057093141531728e-08, 8.838120113596222e-10]

After Selection
[-9.626260865291968, -1.424765465775472e-12, -2.2168669402724737e-13, 4.3521409316133006e-11, -1.767211488229994e-10, -1.6651060008841917e-15, 7.485939693696901e-16, 2.409210043909162e-05, -1.8670568056034777e-06, -1.513050062157873e-08, 8.771096219948583e-10]
[-9.616715668781543, -1.416760379584974e-12, -2.2396057420760196e-13, 4.387318153425623e-11, -1.7531080620110596e-10, -1.6828441416780856e-15, 7.57661626583905e-16, 2.4471985931148182e-05, -1.8706119381473537e-06, -1.5112162518034774e-08, 8.751419578854706e-10]
[-9.626260865291968, -1.424765465775472e-12, -2.2168669402724737e-13, 4.3521409316133006e-11, -1.767211488229994e-10, -1.6651060008841917e-15, 7.485939693696901e-16, 2.409210043909162e-05, -1.8670568056034777e-06, -1.513050062157873e-08, 8.771096219948583e-10]
[-9.69973324890023, -1.4096942527164674e-12, -2.2113366924509482e-13, 4.343393104220882e-11, -1.7645070951946651e-10, -1.701505743370628e-15, 7.648262170002363e-16, 2.4289797593272885e-05, -1.8716840467333905e-06, -1.5151683559771984e-08, 8.771096219948583e-10]
[-9.616715668781543, -1.416760379584974e-12, -2.2396057420760196e-13, 4.387318153425623e-11, -1.7531080620110596e-10, -1.6828441416780856e-15, 7.57661626583905e-16, 2.4471985931148182e-05, -1.8706119381473537e-06, -1.5112162518034774e-08, 8.751419578854706e-10]
[-9.69973324890023, -1.4096942527164674e-12, -2.2113366924509482e-13, 4.343393104220882e-11, -1.7645070951946651e-10, -1.701505743370628e-15, 7.648262170002363e-16, 2.4289797593272885e-05, -1.8716840467333905e-06, -1.5151683559771984e-08, 8.771096219948583e-10]
[-9.626260865291968, -1.424765465775472e-12, -2.2168669402724737e-13, 4.3521409316133006e-11, -1.767211488229994e-10, -1.6651060008841917e-15, 7.485939693696901e-16, 2.409210043909162e-05, -1.8670568056034777e-06, -1.513050062157873e-08, 8.771096219948583e-10]
[-9.616715668781543, -1.416760379584974e-12, -2.2396057420760196e-13, 4.387318153425623e-11, -1.7531080620110596e-10, -1.6828441416780856e-15, 7.57661626583905e-16, 2.4471985931148182e-05, -1.8706119381473537e-06, -1.5112162518034774e-08, 8.751419578854706e-10]

After Crossover
[-9.626260865291968, -1.424765465775472e-12, -2.2168669402724737e-13, 4.3521409316133006e-11, -1.767211488229994e-10, -1.6828441416780856e-15, 7.57661626583905e-16, 2.4471985931148182e-05, -1.8706119381473537e-06, -1.5112162518034774e-08, 8.751419578854706e-10]
[-9.616715668781543, -1.416760379584974e-12, -2.2396057420760196e-13, 4.387318153425623e-11, -1.7531080620110596e-10, -1.6651060008841917e-15, 7.485939693696901e-16, 2.409210043909162e-05, -1.8670568056034777e-06, -1.513050062157873e-08, 8.771096219948583e-10]
[-9.626260865291968, -1.424765465775472e-12, -2.2168669402724737e-13, 4.3521409316133006e-11, -1.767211488229994e-10, -1.6651060008841917e-15, 7.485939693696901e-16, 2.4289797593272885e-05, -1.8716840467333905e-06, -1.5151683559771984e-08, 8.771096219948583e-10]
[-9.69973324890023, -1.4096942527164674e-12, -2.2113366924509482e-13, 4.343393104220882e-11, -1.7645070951946651e-10, -1.701505743370628e-15, 7.648262170002363e-16, 2.409210043909162e-05, -1.8670568056034777e-06, -1.513050062157873e-08, 8.771096219948583e-10]
[-9.616715668781543, -1.416760379584974e-12, -2.2396057420760196e-13, 4.387318153425623e-11, -1.7645070951946651e-10, -1.701505743370628e-15, 7.648262170002363e-16, 2.4289797593272885e-05, -1.8716840467333905e-06, -1.5151683559771984e-08, 8.771096219948583e-10]
[-9.69973324890023, -1.4096942527164674e-12, -2.2113366924509482e-13, 4.343393104220882e-11, -1.7531080620110596e-10, -1.6828441416780856e-15, 7.57661626583905e-16, 2.4471985931148182e-05, -1.8706119381473537e-06, -1.5112162518034774e-08, 8.751419578854706e-10]
[-9.626260865291968, -1.424765465775472e-12, -2.2168669402724737e-13, 4.3521409316133006e-11, -1.767211488229994e-10, -1.6651060008841917e-15, 7.485939693696901e-16, 2.409210043909162e-05, -1.8670568056034777e-06, -1.513050062157873e-08, 8.771096219948583e-10]
[-9.616715668781543, -1.416760379584974e-12, -2.2396057420760196e-13, 4.387318153425623e-11, -1.7531080620110596e-10, -1.6828441416780856e-15, 7.57661626583905e-16, 2.4471985931148182e-05, -1.8706119381473537e-06, -1.5112162518034774e-08, 8.751419578854706e-10]

After Mutation
[-9.612537094636295, -1.4149277225709643e-12, -2.2094626106366034e-13, 4.317679527482485e-11, -1.748775395879133e-10, -1.6989275173698228e-15, 7.650809095062165e-16, 2.4663757551241773e-05, -1.852141643812539e-06, -1.5005989259518367e-08, 8.727941336708227e-10]
[-9.714864074494715, -1.424765465775472e-12, -2.2168669402724737e-13, 4.343393104220882e-11, -1.7645070951946651e-10, -1.6846501976212452e-15, 7.648262170002363e-16, 2.4289797593272885e-05, -1.8716840467333905e-06, -1.522061501873941e-08, 8.716652221965109e-10]
[-9.626260865291968, -1.4141612612848289e-12, -2.2548712976192312e-13, 4.343768682612408e-11, -1.7770834542782946e-10, -1.7094298806988691e-15, 7.714548934247905e-16, 2.464963077424463e-05, -1.8763557872949648e-06, -1.506018800152442e-08, 8.805602245216057e-10]
[-9.616715668781543, -1.4224591787226035e-12, -2.2113366924509482e-13, 4.36090507825276e-11, -1.7645070951946651e-10, -1.709541320688647e-15, 7.648262170002363e-16, 2.443685924656435e-05, -1.8659909973854437e-06, -1.5151683559771984e-08, 8.771096219948583e-10]
[-9.616715668781543, -1.43013740012784e-12, -2.2453699879531126e-13, 4.387318153425623e-11, -1.7531080620110596e-10, -1.6703881019298205e-15, 7.501185940732178e-16, 2.443169960859938e-05, -1.8797141544220999e-06, -1.521201091129744e-08, 8.877718389395615e-10]
[-9.670309102600491, -1.4205946142588644e-12, -2.2295988720318438e-13, 4.28066948533249e-11, -1.7675544169211925e-10, -1.6964531960816738e-15, 7.723805683908271e-16, 2.45603379418992e-05, -1.8749499202503112e-06, -1.5000720101765513e-08, 8.831850087402039e-10]
[-9.646072088439075, -1.4300315462641692e-12, -2.2156668315448283e-13, 4.3917702330517055e-11, -1.77281034559202e-10, -1.6651060008841917e-15, 7.472987165799019e-16, 2.409210043909162e-05, -1.8693515818059352e-06, -1.5149022691140235e-08, 8.722494390710684e-10]
[-9.60923963690954, -1.4210089166224697e-12, -2.2513748084833795e-13, 4.425383992374134e-11, -1.7582555917710814e-10, -1.6754525712869013e-15, 7.638862191735995e-16, 2.4298094243083677e-05, -1.8852019710707548e-06, -1.499898635539721e-08, 8.751419578854706e-10]

----------------------------------------------------------------------------------------------------------------------------------

Generation  3 :
Initial Population
[-9.616715668781543, -1.4224591787226035e-12, -2.2113366924509482e-13, 4.36090507825276e-11, -1.7645070951946651e-10, -1.709541320688647e-15, 7.648262170002363e-16, 2.443685924656435e-05, -1.8659909973854437e-06, -1.5151683559771984e-08, 8.771096219948583e-10]
[-9.626260865291968, -1.4141612612848289e-12, -2.2548712976192312e-13, 4.343768682612408e-11, -1.7770834542782946e-10, -1.7094298806988691e-15, 7.714548934247905e-16, 2.464963077424463e-05, -1.8763557872949648e-06, -1.506018800152442e-08, 8.805602245216057e-10]
[-9.60923963690954, -1.4210089166224697e-12, -2.2513748084833795e-13, 4.425383992374134e-11, -1.7582555917710814e-10, -1.6754525712869013e-15, 7.638862191735995e-16, 2.4298094243083677e-05, -1.8852019710707548e-06, -1.499898635539721e-08, 8.751419578854706e-10]
[-9.646072088439075, -1.4300315462641692e-12, -2.2156668315448283e-13, 4.3917702330517055e-11, -1.77281034559202e-10, -1.6651060008841917e-15, 7.472987165799019e-16, 2.409210043909162e-05, -1.8693515818059352e-06, -1.5149022691140235e-08, 8.722494390710684e-10]
[-9.616715668781543, -1.43013740012784e-12, -2.2453699879531126e-13, 4.387318153425623e-11, -1.7531080620110596e-10, -1.6703881019298205e-15, 7.501185940732178e-16, 2.443169960859938e-05, -1.8797141544220999e-06, -1.521201091129744e-08, 8.877718389395615e-10]
[-9.714864074494715, -1.424765465775472e-12, -2.2168669402724737e-13, 4.343393104220882e-11, -1.7645070951946651e-10, -1.6846501976212452e-15, 7.648262170002363e-16, 2.4289797593272885e-05, -1.8716840467333905e-06, -1.522061501873941e-08, 8.716652221965109e-10]
[-9.612537094636295, -1.4149277225709643e-12, -2.2094626106366034e-13, 4.317679527482485e-11, -1.748775395879133e-10, -1.6989275173698228e-15, 7.650809095062165e-16, 2.4663757551241773e-05, -1.852141643812539e-06, -1.5005989259518367e-08, 8.727941336708227e-10]
[-9.670309102600491, -1.4205946142588644e-12, -2.2295988720318438e-13, 4.28066948533249e-11, -1.7675544169211925e-10, -1.6964531960816738e-15, 7.723805683908271e-16, 2.45603379418992e-05, -1.8749499202503112e-06, -1.5000720101765513e-08, 8.831850087402039e-10]

After Selection
[-9.616715668781543, -1.4224591787226035e-12, -2.2113366924509482e-13, 4.36090507825276e-11, -1.7645070951946651e-10, -1.709541320688647e-15, 7.648262170002363e-16, 2.443685924656435e-05, -1.8659909973854437e-06, -1.5151683559771984e-08, 8.771096219948583e-10]
[-9.626260865291968, -1.4141612612848289e-12, -2.2548712976192312e-13, 4.343768682612408e-11, -1.7770834542782946e-10, -1.7094298806988691e-15, 7.714548934247905e-16, 2.464963077424463e-05, -1.8763557872949648e-06, -1.506018800152442e-08, 8.805602245216057e-10]
[-9.616715668781543, -1.4224591787226035e-12, -2.2113366924509482e-13, 4.36090507825276e-11, -1.7645070951946651e-10, -1.709541320688647e-15, 7.648262170002363e-16, 2.443685924656435e-05, -1.8659909973854437e-06, -1.5151683559771984e-08, 8.771096219948583e-10]
[-9.60923963690954, -1.4210089166224697e-12, -2.2513748084833795e-13, 4.425383992374134e-11, -1.7582555917710814e-10, -1.6754525712869013e-15, 7.638862191735995e-16, 2.4298094243083677e-05, -1.8852019710707548e-06, -1.499898635539721e-08, 8.751419578854706e-10]
[-9.626260865291968, -1.4141612612848289e-12, -2.2548712976192312e-13, 4.343768682612408e-11, -1.7770834542782946e-10, -1.7094298806988691e-15, 7.714548934247905e-16, 2.464963077424463e-05, -1.8763557872949648e-06, -1.506018800152442e-08, 8.805602245216057e-10]
[-9.60923963690954, -1.4210089166224697e-12, -2.2513748084833795e-13, 4.425383992374134e-11, -1.7582555917710814e-10, -1.6754525712869013e-15, 7.638862191735995e-16, 2.4298094243083677e-05, -1.8852019710707548e-06, -1.499898635539721e-08, 8.751419578854706e-10]
[-9.616715668781543, -1.4224591787226035e-12, -2.2113366924509482e-13, 4.36090507825276e-11, -1.7645070951946651e-10, -1.709541320688647e-15, 7.648262170002363e-16, 2.443685924656435e-05, -1.8659909973854437e-06, -1.5151683559771984e-08, 8.771096219948583e-10]
[-9.626260865291968, -1.4141612612848289e-12, -2.2548712976192312e-13, 4.343768682612408e-11, -1.7770834542782946e-10, -1.7094298806988691e-15, 7.714548934247905e-16, 2.464963077424463e-05, -1.8763557872949648e-06, -1.506018800152442e-08, 8.805602245216057e-10]

After Crossover
[-9.616715668781543, -1.4224591787226035e-12, -2.2113366924509482e-13, 4.36090507825276e-11, -1.7645070951946651e-10, -1.709541320688647e-15, 7.648262170002363e-16, 2.443685924656435e-05, -1.8763557872949648e-06, -1.506018800152442e-08, 8.805602245216057e-10]
[-9.626260865291968, -1.4141612612848289e-12, -2.2548712976192312e-13, 4.343768682612408e-11, -1.7770834542782946e-10, -1.7094298806988691e-15, 7.714548934247905e-16, 2.464963077424463e-05, -1.8659909973854437e-06, -1.5151683559771984e-08, 8.771096219948583e-10]
[-9.616715668781543, -1.4224591787226035e-12, -2.2113366924509482e-13, 4.36090507825276e-11, -1.7645070951946651e-10, -1.6754525712869013e-15, 7.638862191735995e-16, 2.4298094243083677e-05, -1.8852019710707548e-06, -1.499898635539721e-08, 8.751419578854706e-10]
[-9.60923963690954, -1.4210089166224697e-12, -2.2513748084833795e-13, 4.425383992374134e-11, -1.7582555917710814e-10, -1.709541320688647e-15, 7.648262170002363e-16, 2.443685924656435e-05, -1.8659909973854437e-06, -1.5151683559771984e-08, 8.771096219948583e-10]
[-9.626260865291968, -1.4141612612848289e-12, -2.2548712976192312e-13, 4.343768682612408e-11, -1.7770834542782946e-10, -1.6754525712869013e-15, 7.638862191735995e-16, 2.4298094243083677e-05, -1.8852019710707548e-06, -1.499898635539721e-08, 8.751419578854706e-10]
[-9.60923963690954, -1.4210089166224697e-12, -2.2513748084833795e-13, 4.425383992374134e-11, -1.7582555917710814e-10, -1.7094298806988691e-15, 7.714548934247905e-16, 2.464963077424463e-05, -1.8763557872949648e-06, -1.506018800152442e-08, 8.805602245216057e-10]
[-9.616715668781543, -1.4224591787226035e-12, -2.2113366924509482e-13, 4.36090507825276e-11, -1.7645070951946651e-10, -1.709541320688647e-15, 7.648262170002363e-16, 2.443685924656435e-05, -1.8659909973854437e-06, -1.5151683559771984e-08, 8.771096219948583e-10]
[-9.626260865291968, -1.4141612612848289e-12, -2.2548712976192312e-13, 4.343768682612408e-11, -1.7770834542782946e-10, -1.7094298806988691e-15, 7.714548934247905e-16, 2.464963077424463e-05, -1.8763557872949648e-06, -1.506018800152442e-08, 8.805602245216057e-10]

After Mutation
[-9.635395642745188, -1.4141612612848289e-12, -2.2638868526674968e-13, 4.343768682612408e-11, -1.7770834542782946e-10, -1.7039435291676723e-15, 7.714548934247905e-16, 2.471543290751876e-05, -1.8763557872949648e-06, -1.5130360399239238e-08, 8.805602245216057e-10]
[-9.674865058425656, -1.4190642895144815e-12, -2.229164812947826e-13, 4.322715200940533e-11, -1.779947133638262e-10, -1.6930183139513916e-15, 7.676155593330424e-16, 2.443685924656435e-05, -1.879245923141917e-06, -1.504932696120433e-08, 8.7737026811844e-10]
[-9.668883686308964, -1.4209906808630555e-12, -2.210486421197308e-13, 4.36090507825276e-11, -1.780362089447467e-10, -1.697627889214884e-15, 7.648262170002363e-16, 2.443685924656435e-05, -1.8647509809958704e-06, -1.51123741176263e-08, 8.722494390710684e-10]
[-9.611851542795113, -1.4174867353755706e-12, -2.2548712976192312e-13, 4.35081009856096e-11, -1.7770834542782946e-10, -1.6754525712869013e-15, 7.638862191735995e-16, 2.4510879979261718e-05, -1.8852019710707548e-06, -1.501296173850477e-08, 8.751419578854706e-10]
[-9.634993363876488, -1.4335518655159312e-12, -2.225880207474192e-13, 4.43121436132405e-11, -1.772988076777537e-10, -1.662814510843638e-15, 7.538510012543443e-16, 2.4217112498910973e-05, -1.8570006057218423e-06, -1.5149022691140235e-08, 8.722494390710684e-10]
[-9.627748374549045, -1.428497192840531e-12, -2.2727743046368826e-13, 4.462227727112784e-11, -1.762008044104804e-10, -1.6744888553186548e-15, 7.491836703723549e-16, 2.4132080991789815e-05, -1.8612562199098876e-06, -1.5149022691140235e-08, 8.644802894636181e-10]
[-9.626635053731817, -1.4243825814858875e-12, -2.2004879334003383e-13, 4.3230704249771155e-11, -1.7661121728533047e-10, -1.709541320688647e-15, 7.669232958130399e-16, 2.443685924656435e-05, -1.8528942857237134e-06, -1.509659187282027e-08, 8.771096219948583e-10]
[-9.66856538304934, -1.4141612612848289e-12, -2.255502615633574e-13, 4.343768682612408e-11, -1.7770834542782946e-10, -1.7154069460817194e-15, 7.676390651468924e-16, 2.4691050996961426e-05, -1.8746680079166477e-06, -1.506675750361894e-08, 8.833235540432032e-10]

----------------------------------------------------------------------------------------------------------------------------------

Generation  4 :
Initial Population
[-9.634993363876488, -1.4335518655159312e-12, -2.225880207474192e-13, 4.43121436132405e-11, -1.772988076777537e-10, -1.662814510843638e-15, 7.538510012543443e-16, 2.4217112498910973e-05, -1.8570006057218423e-06, -1.5149022691140235e-08, 8.722494390710684e-10]
[-9.674865058425656, -1.4190642895144815e-12, -2.229164812947826e-13, 4.322715200940533e-11, -1.779947133638262e-10, -1.6930183139513916e-15, 7.676155593330424e-16, 2.443685924656435e-05, -1.879245923141917e-06, -1.504932696120433e-08, 8.7737026811844e-10]
[-9.668883686308964, -1.4209906808630555e-12, -2.210486421197308e-13, 4.36090507825276e-11, -1.780362089447467e-10, -1.697627889214884e-15, 7.648262170002363e-16, 2.443685924656435e-05, -1.8647509809958704e-06, -1.51123741176263e-08, 8.722494390710684e-10]
[-9.635395642745188, -1.4141612612848289e-12, -2.2638868526674968e-13, 4.343768682612408e-11, -1.7770834542782946e-10, -1.7039435291676723e-15, 7.714548934247905e-16, 2.471543290751876e-05, -1.8763557872949648e-06, -1.5130360399239238e-08, 8.805602245216057e-10]
[-9.611851542795113, -1.4174867353755706e-12, -2.2548712976192312e-13, 4.35081009856096e-11, -1.7770834542782946e-10, -1.6754525712869013e-15, 7.638862191735995e-16, 2.4510879979261718e-05, -1.8852019710707548e-06, -1.501296173850477e-08, 8.751419578854706e-10]
[-9.66856538304934, -1.4141612612848289e-12, -2.255502615633574e-13, 4.343768682612408e-11, -1.7770834542782946e-10, -1.7154069460817194e-15, 7.676390651468924e-16, 2.4691050996961426e-05, -1.8746680079166477e-06, -1.506675750361894e-08, 8.833235540432032e-10]
[-9.626635053731817, -1.4243825814858875e-12, -2.2004879334003383e-13, 4.3230704249771155e-11, -1.7661121728533047e-10, -1.709541320688647e-15, 7.669232958130399e-16, 2.443685924656435e-05, -1.8528942857237134e-06, -1.509659187282027e-08, 8.771096219948583e-10]
[-9.627748374549045, -1.428497192840531e-12, -2.2727743046368826e-13, 4.462227727112784e-11, -1.762008044104804e-10, -1.6744888553186548e-15, 7.491836703723549e-16, 2.4132080991789815e-05, -1.8612562199098876e-06, -1.5149022691140235e-08, 8.644802894636181e-10]

After Selection
[-9.634993363876488, -1.4335518655159312e-12, -2.225880207474192e-13, 4.43121436132405e-11, -1.772988076777537e-10, -1.662814510843638e-15, 7.538510012543443e-16, 2.4217112498910973e-05, -1.8570006057218423e-06, -1.5149022691140235e-08, 8.722494390710684e-10]
[-9.674865058425656, -1.4190642895144815e-12, -2.229164812947826e-13, 4.322715200940533e-11, -1.779947133638262e-10, -1.6930183139513916e-15, 7.676155593330424e-16, 2.443685924656435e-05, -1.879245923141917e-06, -1.504932696120433e-08, 8.7737026811844e-10]
[-9.634993363876488, -1.4335518655159312e-12, -2.225880207474192e-13, 4.43121436132405e-11, -1.772988076777537e-10, -1.662814510843638e-15, 7.538510012543443e-16, 2.4217112498910973e-05, -1.8570006057218423e-06, -1.5149022691140235e-08, 8.722494390710684e-10]
[-9.668883686308964, -1.4209906808630555e-12, -2.210486421197308e-13, 4.36090507825276e-11, -1.780362089447467e-10, -1.697627889214884e-15, 7.648262170002363e-16, 2.443685924656435e-05, -1.8647509809958704e-06, -1.51123741176263e-08, 8.722494390710684e-10]
[-9.674865058425656, -1.4190642895144815e-12, -2.229164812947826e-13, 4.322715200940533e-11, -1.779947133638262e-10, -1.6930183139513916e-15, 7.676155593330424e-16, 2.443685924656435e-05, -1.879245923141917e-06, -1.504932696120433e-08, 8.7737026811844e-10]
[-9.668883686308964, -1.4209906808630555e-12, -2.210486421197308e-13, 4.36090507825276e-11, -1.780362089447467e-10, -1.697627889214884e-15, 7.648262170002363e-16, 2.443685924656435e-05, -1.8647509809958704e-06, -1.51123741176263e-08, 8.722494390710684e-10]
[-9.634993363876488, -1.4335518655159312e-12, -2.225880207474192e-13, 4.43121436132405e-11, -1.772988076777537e-10, -1.662814510843638e-15, 7.538510012543443e-16, 2.4217112498910973e-05, -1.8570006057218423e-06, -1.5149022691140235e-08, 8.722494390710684e-10]
[-9.674865058425656, -1.4190642895144815e-12, -2.229164812947826e-13, 4.322715200940533e-11, -1.779947133638262e-10, -1.6930183139513916e-15, 7.676155593330424e-16, 2.443685924656435e-05, -1.879245923141917e-06, -1.504932696120433e-08, 8.7737026811844e-10]

After Crossover
[-9.634993363876488, -1.4335518655159312e-12, -2.225880207474192e-13, 4.43121436132405e-11, -1.772988076777537e-10, -1.662814510843638e-15, 7.676155593330424e-16, 2.443685924656435e-05, -1.879245923141917e-06, -1.504932696120433e-08, 8.7737026811844e-10]
[-9.674865058425656, -1.4190642895144815e-12, -2.229164812947826e-13, 4.322715200940533e-11, -1.779947133638262e-10, -1.6930183139513916e-15, 7.538510012543443e-16, 2.4217112498910973e-05, -1.8570006057218423e-06, -1.5149022691140235e-08, 8.722494390710684e-10]
[-9.634993363876488, -1.4335518655159312e-12, -2.210486421197308e-13, 4.36090507825276e-11, -1.780362089447467e-10, -1.697627889214884e-15, 7.648262170002363e-16, 2.443685924656435e-05, -1.8647509809958704e-06, -1.51123741176263e-08, 8.722494390710684e-10]
[-9.668883686308964, -1.4209906808630555e-12, -2.225880207474192e-13, 4.43121436132405e-11, -1.772988076777537e-10, -1.662814510843638e-15, 7.538510012543443e-16, 2.4217112498910973e-05, -1.8570006057218423e-06, -1.5149022691140235e-08, 8.722494390710684e-10]
[-9.674865058425656, -1.4190642895144815e-12, -2.229164812947826e-13, 4.322715200940533e-11, -1.779947133638262e-10, -1.6930183139513916e-15, 7.676155593330424e-16, 2.443685924656435e-05, -1.8647509809958704e-06, -1.51123741176263e-08, 8.722494390710684e-10]
[-9.668883686308964, -1.4209906808630555e-12, -2.210486421197308e-13, 4.36090507825276e-11, -1.780362089447467e-10, -1.697627889214884e-15, 7.648262170002363e-16, 2.443685924656435e-05, -1.879245923141917e-06, -1.504932696120433e-08, 8.7737026811844e-10]
[-9.634993363876488, -1.4335518655159312e-12, -2.225880207474192e-13, 4.43121436132405e-11, -1.772988076777537e-10, -1.662814510843638e-15, 7.538510012543443e-16, 2.4217112498910973e-05, -1.8570006057218423e-06, -1.5149022691140235e-08, 8.722494390710684e-10]
[-9.674865058425656, -1.4190642895144815e-12, -2.229164812947826e-13, 4.322715200940533e-11, -1.779947133638262e-10, -1.6930183139513916e-15, 7.676155593330424e-16, 2.443685924656435e-05, -1.879245923141917e-06, -1.504932696120433e-08, 8.7737026811844e-10]

After Mutation
[-9.651497696469281, -1.4335518655159312e-12, -2.2473970360791918e-13, 4.4063330809889175e-11, -1.7728685627622012e-10, -1.695727213085666e-15, 7.721567555713968e-16, 2.443685924656435e-05, -1.8953850557815727e-06, -1.504932696120433e-08, 8.716943636943627e-10]
[-9.57773477887623, -1.4209906808630555e-12, -2.192669827582354e-13, 4.36090507825276e-11, -1.7795557712147155e-10, -1.6999740261740774e-15, 7.629971519256617e-16, 2.466699208252283e-05, -1.8757546567964815e-06, -1.4997838879069144e-08, 8.722494390710684e-10]
[-9.633273274620082, -1.4335518655159312e-12, -2.2248854476688e-13, 4.3162824873011024e-11, -1.7914207698785954e-10, -1.7169148739198674e-15, 7.714548934247905e-16, 2.472764825685675e-05, -1.8689545484847308e-06, -1.5258952452265532e-08, 8.805602245216057e-10]
[-9.685584767411607, -1.4190642895144815e-12, -2.229164812947826e-13, 4.392660088181944e-11, -1.7852541332730853e-10, -1.7038278666468516e-15, 7.663609394007708e-16, 2.4278923611123082e-05, -1.8644047541541545e-06, -1.5217940300799507e-08, 8.757085913786421e-10]
[-9.597482196127565, -1.4141612612848289e-12, -2.2840904365435107e-13, 4.343768682612408e-11, -1.7779111216003027e-10, -1.7039435291676723e-15, 7.714548934247905e-16, 2.4579184467752325e-05, -1.8749984996834215e-06, -1.514615182374856e-08, 8.805602245216057e-10]
[-9.668883686308964, -1.4109760742600539e-12, -2.2162274487767239e-13, 4.324988463766751e-11, -1.780362089447467e-10, -1.697627889214884e-15, 7.648262170002363e-16, 2.4317930191865124e-05, -1.8763557872949648e-06, -1.515557381764749e-08, 8.805602245216057e-10]
[-9.574455746771166, -1.4237006894491498e-12, -2.2337934212451162e-13, 4.43121436132405e-11, -1.775602045540979e-10, -1.6476800294422937e-15, 7.538510012543443e-16, 2.4217112498910973e-05, -1.8570006057218423e-06, -1.5149022691140235e-08, 8.722494390710684e-10]
[-9.664670720449719, -1.414606412229553e-12, -2.229164812947826e-13, 4.322715200940533e-11, -1.779947133638262e-10, -1.6930183139513916e-15, 7.649277844695259e-16, 2.443685924656435e-05, -1.879245923141917e-06, -1.508889893242157e-08, 8.69033102268855e-10]

----------------------------------------------------------------------------------------------------------------------------------

Generation  5 :
Initial Population
[-9.574455746771166, -1.4237006894491498e-12, -2.2337934212451162e-13, 4.43121436132405e-11, -1.775602045540979e-10, -1.6476800294422937e-15, 7.538510012543443e-16, 2.4217112498910973e-05, -1.8570006057218423e-06, -1.5149022691140235e-08, 8.722494390710684e-10]
[-9.668883686308964, -1.4109760742600539e-12, -2.2162274487767239e-13, 4.324988463766751e-11, -1.780362089447467e-10, -1.697627889214884e-15, 7.648262170002363e-16, 2.4317930191865124e-05, -1.8763557872949648e-06, -1.515557381764749e-08, 8.805602245216057e-10]
[-9.685584767411607, -1.4190642895144815e-12, -2.229164812947826e-13, 4.392660088181944e-11, -1.7852541332730853e-10, -1.7038278666468516e-15, 7.663609394007708e-16, 2.4278923611123082e-05, -1.8644047541541545e-06, -1.5217940300799507e-08, 8.757085913786421e-10]
[-9.57773477887623, -1.4209906808630555e-12, -2.192669827582354e-13, 4.36090507825276e-11, -1.7795557712147155e-10, -1.6999740261740774e-15, 7.629971519256617e-16, 2.466699208252283e-05, -1.8757546567964815e-06, -1.4997838879069144e-08, 8.722494390710684e-10]
[-9.597482196127565, -1.4141612612848289e-12, -2.2840904365435107e-13, 4.343768682612408e-11, -1.7779111216003027e-10, -1.7039435291676723e-15, 7.714548934247905e-16, 2.4579184467752325e-05, -1.8749984996834215e-06, -1.514615182374856e-08, 8.805602245216057e-10]
[-9.633273274620082, -1.4335518655159312e-12, -2.2248854476688e-13, 4.3162824873011024e-11, -1.7914207698785954e-10, -1.7169148739198674e-15, 7.714548934247905e-16, 2.472764825685675e-05, -1.8689545484847308e-06, -1.5258952452265532e-08, 8.805602245216057e-10]
[-9.664670720449719, -1.414606412229553e-12, -2.229164812947826e-13, 4.322715200940533e-11, -1.779947133638262e-10, -1.6930183139513916e-15, 7.649277844695259e-16, 2.443685924656435e-05, -1.879245923141917e-06, -1.508889893242157e-08, 8.69033102268855e-10]
[-9.651497696469281, -1.4335518655159312e-12, -2.2473970360791918e-13, 4.4063330809889175e-11, -1.7728685627622012e-10, -1.695727213085666e-15, 7.721567555713968e-16, 2.443685924656435e-05, -1.8953850557815727e-06, -1.504932696120433e-08, 8.716943636943627e-10]

After Selection
[-9.574455746771166, -1.4237006894491498e-12, -2.2337934212451162e-13, 4.43121436132405e-11, -1.775602045540979e-10, -1.6476800294422937e-15, 7.538510012543443e-16, 2.4217112498910973e-05, -1.8570006057218423e-06, -1.5149022691140235e-08, 8.722494390710684e-10]
[-9.668883686308964, -1.4109760742600539e-12, -2.2162274487767239e-13, 4.324988463766751e-11, -1.780362089447467e-10, -1.697627889214884e-15, 7.648262170002363e-16, 2.4317930191865124e-05, -1.8763557872949648e-06, -1.515557381764749e-08, 8.805602245216057e-10]
[-9.574455746771166, -1.4237006894491498e-12, -2.2337934212451162e-13, 4.43121436132405e-11, -1.775602045540979e-10, -1.6476800294422937e-15, 7.538510012543443e-16, 2.4217112498910973e-05, -1.8570006057218423e-06, -1.5149022691140235e-08, 8.722494390710684e-10]
[-9.685584767411607, -1.4190642895144815e-12, -2.229164812947826e-13, 4.392660088181944e-11, -1.7852541332730853e-10, -1.7038278666468516e-15, 7.663609394007708e-16, 2.4278923611123082e-05, -1.8644047541541545e-06, -1.5217940300799507e-08, 8.757085913786421e-10]
[-9.668883686308964, -1.4109760742600539e-12, -2.2162274487767239e-13, 4.324988463766751e-11, -1.780362089447467e-10, -1.697627889214884e-15, 7.648262170002363e-16, 2.4317930191865124e-05, -1.8763557872949648e-06, -1.515557381764749e-08, 8.805602245216057e-10]
[-9.685584767411607, -1.4190642895144815e-12, -2.229164812947826e-13, 4.392660088181944e-11, -1.7852541332730853e-10, -1.7038278666468516e-15, 7.663609394007708e-16, 2.4278923611123082e-05, -1.8644047541541545e-06, -1.5217940300799507e-08, 8.757085913786421e-10]
[-9.574455746771166, -1.4237006894491498e-12, -2.2337934212451162e-13, 4.43121436132405e-11, -1.775602045540979e-10, -1.6476800294422937e-15, 7.538510012543443e-16, 2.4217112498910973e-05, -1.8570006057218423e-06, -1.5149022691140235e-08, 8.722494390710684e-10]
[-9.668883686308964, -1.4109760742600539e-12, -2.2162274487767239e-13, 4.324988463766751e-11, -1.780362089447467e-10, -1.697627889214884e-15, 7.648262170002363e-16, 2.4317930191865124e-05, -1.8763557872949648e-06, -1.515557381764749e-08, 8.805602245216057e-10]

After Crossover
[-9.574455746771166, -1.4237006894491498e-12, -2.2162274487767239e-13, 4.324988463766751e-11, -1.780362089447467e-10, -1.697627889214884e-15, 7.648262170002363e-16, 2.4317930191865124e-05, -1.8763557872949648e-06, -1.515557381764749e-08, 8.805602245216057e-10]
[-9.668883686308964, -1.4109760742600539e-12, -2.2337934212451162e-13, 4.43121436132405e-11, -1.775602045540979e-10, -1.6476800294422937e-15, 7.538510012543443e-16, 2.4217112498910973e-05, -1.8570006057218423e-06, -1.5149022691140235e-08, 8.722494390710684e-10]
[-9.574455746771166, -1.4237006894491498e-12, -2.2337934212451162e-13, 4.392660088181944e-11, -1.7852541332730853e-10, -1.7038278666468516e-15, 7.663609394007708e-16, 2.4278923611123082e-05, -1.8644047541541545e-06, -1.5217940300799507e-08, 8.757085913786421e-10]
[-9.685584767411607, -1.4190642895144815e-12, -2.229164812947826e-13, 4.43121436132405e-11, -1.775602045540979e-10, -1.6476800294422937e-15, 7.538510012543443e-16, 2.4217112498910973e-05, -1.8570006057218423e-06, -1.5149022691140235e-08, 8.722494390710684e-10]
[-9.668883686308964, -1.4109760742600539e-12, -2.2162274487767239e-13, 4.324988463766751e-11, -1.780362089447467e-10, -1.697627889214884e-15, 7.663609394007708e-16, 2.4278923611123082e-05, -1.8644047541541545e-06, -1.5217940300799507e-08, 8.757085913786421e-10]
