----------------------------------------------------------------------------------------------------------------------------------
Generation  1 :
Initial Population
[7.101458475850243, -9.442222002804956e-18, 8.114508553746187e-06, 7.3061422714928275e-09, -1.2486049836655162, 4.0983206273921005e-20, 2.8848617111563824e-21, 1.4601583479037506e-13, 1.0563239599063873e-07, -6.571037333525051e-15, -1.7665509656744298e-15]
[10.0, -1.0094947654293635e-17, 8.428279212800551e-06, 6.538619796431147e-09, -1.2486049836655162, 3.431306502935476e-20, 2.883448217644215e-21, 1.3610736505830995e-13, 1.0563239599063873e-07, -1.0945207136244303e-14, -3.1526821522285184e-15]
[10.0, -1.1713365125521593e-17, 5.8725440754543646e-06, 5.557774733955837e-09, -1.2486049836655162, 3.6435359397887153e-20, 3.648605068624965e-21, 1.6421757997367341e-13, 1.0563239599063873e-07, -8.74426238403049e-15, -3.478756076240056e-15]
[7.655671214698722, -1.264220575169068e-17, 7.3215099943447066e-06, 5.924500082157857e-09, -1.1286304111386418, 3.729751116957844e-20, 2.6512131557082197e-21, 1.5800336369839546e-13, 8.55804688303668e-08, -9.231899895456487e-15, -2.202742839638476e-15]
[10.0, -1.1713365125521593e-17, 6.312960210929077e-06, 9.928279512824808e-09, -1.2486049836655162, 3.787740946289876e-20, 4.6587997426527374e-21, 1.41636724496138e-13, 8.108550530381217e-08, -1.5020318145862352e-14, -2.742751455625166e-15]
[7.185799565005192, -1.4363239287119108e-17, 8.114508553746187e-06, 9.641094411379911e-09, -1.1049523971555253, 3.6435359397887153e-20, 3.763539909750827e-21, 1.3245597347224186e-13, 1.0074233925523571e-07, -6.571037333525051e-15, -3.478756076240056e-15]
[6.894501034779374, -1.24962946708981e-17, 8.50791558173173e-06, 7.499719135401902e-09, -1.331358625393685, 3.431306502935476e-20, 3.135801855942682e-21, 1.2260570255429176e-13, 8.108550530381217e-08, -1.1708107244228119e-14, -3.752208096901514e-15]
[8.657242471210752, -1.3616281775233737e-17, 6.191525256480357e-06, 7.41753125092261e-09, -1.4405502444726845, 3.7637963133781934e-20, 3.3716143124123284e-21, 1.7752940876918127e-13, 1.0194974680703947e-07, -1.5085152188175285e-14, -3.691911859593031e-15]
[8.441529082297354, -1.0516566845090989e-17, 5.5044151865462736e-06, 9.576395386082037e-09, -0.951543811208815, 5.386811804001101e-20, 3.470889545506524e-21, 1.3610736505830995e-13, 1.0563239599063873e-07, -1.3574546373826414e-14, -2.8358669149148025e-15]
[10.0, -1.0094947654293635e-17, 8.437033633902128e-06, 7.2465994844827824e-09, -0.8488032460375708, 3.741871801265172e-20, 4.6587997426527374e-21, 1.5776367523822855e-13, 9.411612493905939e-08, -8.832214361126964e-15, -2.6489496240922675e-15]

After Selection
[7.101458475850243, -9.442222002804956e-18, 8.114508553746187e-06, 7.3061422714928275e-09, -1.2486049836655162, 4.0983206273921005e-20, 2.8848617111563824e-21, 1.4601583479037506e-13, 1.0563239599063873e-07, -6.571037333525051e-15, -1.7665509656744298e-15]
[10.0, -1.0094947654293635e-17, 8.428279212800551e-06, 6.538619796431147e-09, -1.2486049836655162, 3.431306502935476e-20, 2.883448217644215e-21, 1.3610736505830995e-13, 1.0563239599063873e-07, -1.0945207136244303e-14, -3.1526821522285184e-15]
[10.0, -1.1713365125521593e-17, 5.8725440754543646e-06, 5.557774733955837e-09, -1.2486049836655162, 3.6435359397887153e-20, 3.648605068624965e-21, 1.6421757997367341e-13, 1.0563239599063873e-07, -8.74426238403049e-15, -3.478756076240056e-15]

After Crossover
[7.101458475850243, -9.442222002804956e-18, 8.114508553746187e-06, 7.3061422714928275e-09, -1.2486049836655162, 4.0983206273921005e-20, 2.8848617111563824e-21, 1.4601583479037506e-13, 1.0563239599063873e-07, -6.571037333525051e-15, -1.7665509656744298e-15]
[10.0, -1.0094947654293635e-17, 8.428279212800551e-06, 6.538619796431147e-09, -1.2486049836655162, 3.431306502935476e-20, 2.883448217644215e-21, 1.3610736505830995e-13, 1.0563239599063873e-07, -1.0945207136244303e-14, -3.1526821522285184e-15]
[10.0, -1.1713365125521593e-17, 5.8725440754543646e-06, 5.557774733955837e-09, -1.2486049836655162, 3.6435359397887153e-20, 3.648605068624965e-21, 1.6421757997367341e-13, 1.0563239599063873e-07, -8.74426238403049e-15, -3.478756076240056e-15]
[7.101458475850243, -9.442222002804956e-18, 8.114508553746187e-06, 7.3061422714928275e-09, -0.8488032460375708, 4.0983206273921005e-20, 2.8848617111563824e-21, 1.4601583479037506e-13, 1.0563239599063873e-07, -8.74426238403049e-15, -2.6489496240922675e-15]
[10.0, -1.0094947654293635e-17, 6.312960210929077e-06, 6.538619796431147e-09, -1.2486049836655162, 3.6435359397887153e-20, 2.883448217644215e-21, 1.3610736505830995e-13, 1.0563239599063873e-07, -1.5020318145862352e-14, -3.1526821522285184e-15]
[7.655671214698722, -1.264220575169068e-17, 7.3215099943447066e-06, 9.576395386082037e-09, -1.1286304111386418, 3.6435359397887153e-20, 3.648605068624965e-21, 1.5800336369839546e-13, 1.0563239599063873e-07, -8.74426238403049e-15, -3.478756076240056e-15]
[8.657242471210752, -1.4363239287119108e-17, 8.114508553746187e-06, 7.41753125092261e-09, -1.4405502444726845, 3.6435359397887153e-20, 3.763539909750827e-21, 1.3245597347224186e-13, 9.411612493905939e-08, -6.571037333525051e-15, -3.478756076240056e-15]
[7.185799565005192, -1.1713365125521593e-17, 5.8725440754543646e-06, 5.557774733955837e-09, -1.1049523971555253, 3.6435359397887153e-20, 3.763539909750827e-21, 1.3610736505830995e-13, 1.0074233925523571e-07, -6.571037333525051e-15, -2.8358669149148025e-15]
[6.894501034779374, -1.24962946708981e-17, 5.8725440754543646e-06, 5.557774733955837e-09, -1.2486049836655162, 3.431306502935476e-20, 3.648605068624965e-21, 1.2260570255429176e-13, 8.108550530381217e-08, -1.1708107244228119e-14, -3.752208096901514e-15]
[10.0, -1.24962946708981e-17, 8.50791558173173e-06, 7.499719135401902e-09, -1.2486049836655162, 3.6435359397887153e-20, 3.648605068624965e-21, 1.2260570255429176e-13, 8.108550530381217e-08, -8.74426238403049e-15, -2.742751455625166e-15]

After Mutation
[7.101458475850243, -9.442222002804956e-18, 8.114508553746187e-06, 7.3061422714928275e-09, -1.2486049836655162, 4.0983206273921005e-20, 2.8848617111563824e-21, 1.4601583479037506e-13, 1.0563239599063873e-07, -6.571037333525051e-15, -1.7665509656744298e-15]
[10.0, -1.0094947654293635e-17, 8.428279212800551e-06, 6.538619796431147e-09, -1.2486049836655162, 3.431306502935476e-20, 2.883448217644215e-21, 1.3610736505830995e-13, 1.0563239599063873e-07, -1.0945207136244303e-14, -3.1526821522285184e-15]
[10.0, -1.1713365125521593e-17, 5.8725440754543646e-06, 5.557774733955837e-09, -1.2486049836655162, 3.6435359397887153e-20, 3.648605068624965e-21, 1.6421757997367341e-13, 1.0563239599063873e-07, -8.74426238403049e-15, -3.478756076240056e-15]
[6.880231758268744, -8.00081149145814e-18, 7.073102172509259e-06, 7.078492938308696e-09, -1.0115999916306637, 5.066640843795882e-20, 3.59422261939316e-21, 1.4601583479037506e-13, 8.83411581191282e-08, -8.74426238403049e-15, -2.6489496240922675e-15]
[9.19607076748203, -1.2457159657878897e-17, 6.312960210929077e-06, 7.364156701741116e-09, -1.3761340623920693, 3.6435359397887153e-20, 2.883448217644215e-21, 1.7003109092429795e-13, 9.018922226492481e-08, -1.7375269065534472e-14, -3.0509548899823716e-15]
[8.449297413522663, -1.264220575169068e-17, 7.3215099943447066e-06, 7.899792570310775e-09, -0.8698207116124205, 3.8388324261774155e-20, 3.5895682596251435e-21, 1.7878796551205357e-13, 1.0563239599063873e-07, -7.480877207016987e-15, -3.1337066892681434e-15]
[8.657242471210752, -1.1824730469859079e-17, 8.74848981475702e-06, 7.769037471283244e-09, -1.428440235331105, 4.394537670121535e-20, 3.056964368586987e-21, 1.3109256801412232e-13, 9.594451950963944e-08, -7.82176942537425e-15, -3.5688460493382935e-15]
[8.081389561785072, -1.1713365125521593e-17, 6.11579681138037e-06, 5.602950836022147e-09, -1.1683099123640208, 3.387834915720992e-20, 4.402293277696785e-21, 1.2494928828330072e-13, 1.0074233925523571e-07, -5.674479527964966e-15, -2.8358669149148025e-15]
[6.894501034779374, -1.24962946708981e-17, 5.8725440754543646e-06, 4.976776458242061e-09, -0.9460582951911276, 3.431306502935476e-20, 3.498057532627499e-21, 1.3432376449415462e-13, 8.108550530381217e-08, -1.1920160794833435e-14, -4.246636427682757e-15]
[10.0, -1.2662904494389765e-17, 7.604246658360565e-06, 7.657418997603254e-09, -0.9740197698389453, 3.1416904965405e-20, 2.9877063927931535e-21, 1.4744616615989672e-13, 8.108550530381217e-08, -7.301679656844324e-15, -3.318666154570052e-15]

----------------------------------------------------------------------------------------------------------------------------------
Generation  2 :
Initial Population
[7.101458475850243, -9.442222002804956e-18, 8.114508553746187e-06, 7.3061422714928275e-09, -1.2486049836655162, 4.0983206273921005e-20, 2.8848617111563824e-21, 1.4601583479037506e-13, 1.0563239599063873e-07, -6.571037333525051e-15, -1.7665509656744298e-15]
[10.0, -1.0094947654293635e-17, 8.428279212800551e-06, 6.538619796431147e-09, -1.2486049836655162, 3.431306502935476e-20, 2.883448217644215e-21, 1.3610736505830995e-13, 1.0563239599063873e-07, -1.0945207136244303e-14, -3.1526821522285184e-15]
[10.0, -1.1713365125521593e-17, 5.8725440754543646e-06, 5.557774733955837e-09, -1.2486049836655162, 3.6435359397887153e-20, 3.648605068624965e-21, 1.6421757997367341e-13, 1.0563239599063873e-07, -8.74426238403049e-15, -3.478756076240056e-15]
[8.081389561785072, -1.1713365125521593e-17, 6.11579681138037e-06, 5.602950836022147e-09, -1.1683099123640208, 3.387834915720992e-20, 4.402293277696785e-21, 1.2494928828330072e-13, 1.0074233925523571e-07, -5.674479527964966e-15, -2.8358669149148025e-15]
[6.880231758268744, -8.00081149145814e-18, 7.073102172509259e-06, 7.078492938308696e-09, -1.0115999916306637, 5.066640843795882e-20, 3.59422261939316e-21, 1.4601583479037506e-13, 8.83411581191282e-08, -8.74426238403049e-15, -2.6489496240922675e-15]
[10.0, -1.2662904494389765e-17, 7.604246658360565e-06, 7.657418997603254e-09, -0.9740197698389453, 3.1416904965405e-20, 2.9877063927931535e-21, 1.4744616615989672e-13, 8.108550530381217e-08, -7.301679656844324e-15, -3.318666154570052e-15]
[9.19607076748203, -1.2457159657878897e-17, 6.312960210929077e-06, 7.364156701741116e-09, -1.3761340623920693, 3.6435359397887153e-20, 2.883448217644215e-21, 1.7003109092429795e-13, 9.018922226492481e-08, -1.7375269065534472e-14, -3.0509548899823716e-15]
[6.894501034779374, -1.24962946708981e-17, 5.8725440754543646e-06, 4.976776458242061e-09, -0.9460582951911276, 3.431306502935476e-20, 3.498057532627499e-21, 1.3432376449415462e-13, 8.108550530381217e-08, -1.1920160794833435e-14, -4.246636427682757e-15]
[8.657242471210752, -1.1824730469859079e-17, 8.74848981475702e-06, 7.769037471283244e-09, -1.428440235331105, 4.394537670121535e-20, 3.056964368586987e-21, 1.3109256801412232e-13, 9.594451950963944e-08, -7.82176942537425e-15, -3.5688460493382935e-15]
[8.449297413522663, -1.264220575169068e-17, 7.3215099943447066e-06, 7.899792570310775e-09, -0.8698207116124205, 3.8388324261774155e-20, 3.5895682596251435e-21, 1.7878796551205357e-13, 1.0563239599063873e-07, -7.480877207016987e-15, -3.1337066892681434e-15]

After Selection
[7.101458475850243, -9.442222002804956e-18, 8.114508553746187e-06, 7.3061422714928275e-09, -1.2486049836655162, 4.0983206273921005e-20, 2.8848617111563824e-21, 1.4601583479037506e-13, 1.0563239599063873e-07, -6.571037333525051e-15, -1.7665509656744298e-15]
[10.0, -1.0094947654293635e-17, 8.428279212800551e-06, 6.538619796431147e-09, -1.2486049836655162, 3.431306502935476e-20, 2.883448217644215e-21, 1.3610736505830995e-13, 1.0563239599063873e-07, -1.0945207136244303e-14, -3.1526821522285184e-15]
[10.0, -1.1713365125521593e-17, 5.8725440754543646e-06, 5.557774733955837e-09, -1.2486049836655162, 3.6435359397887153e-20, 3.648605068624965e-21, 1.6421757997367341e-13, 1.0563239599063873e-07, -8.74426238403049e-15, -3.478756076240056e-15]

After Crossover
[7.101458475850243, -9.442222002804956e-18, 8.114508553746187e-06, 7.3061422714928275e-09, -1.2486049836655162, 4.0983206273921005e-20, 2.8848617111563824e-21, 1.4601583479037506e-13, 1.0563239599063873e-07, -6.571037333525051e-15, -1.7665509656744298e-15]
[10.0, -1.0094947654293635e-17, 8.428279212800551e-06, 6.538619796431147e-09, -1.2486049836655162, 3.431306502935476e-20, 2.883448217644215e-21, 1.3610736505830995e-13, 1.0563239599063873e-07, -1.0945207136244303e-14, -3.1526821522285184e-15]
[10.0, -1.1713365125521593e-17, 5.8725440754543646e-06, 5.557774733955837e-09, -1.2486049836655162, 3.6435359397887153e-20, 3.648605068624965e-21, 1.6421757997367341e-13, 1.0563239599063873e-07, -8.74426238403049e-15, -3.478756076240056e-15]
[6.894501034779374, -1.2662904494389765e-17, 7.604246658360565e-06, 6.538619796431147e-09, -0.9740197698389453, 3.1416904965405e-20, 2.883448217644215e-21, 1.3610736505830995e-13, 9.018922226492481e-08, -7.301679656844324e-15, -3.1526821522285184e-15]
[6.894501034779374, -8.00081149145814e-18, 7.073102172509259e-06, 7.078492938308696e-09, -1.2486049836655162, 4.0983206273921005e-20, 2.8848617111563824e-21, 1.4744616615989672e-13, 8.83411581191282e-08, -6.571037333525051e-15, -4.246636427682757e-15]
[9.19607076748203, -1.2457159657878897e-17, 5.8725440754543646e-06, 7.769037471283244e-09, -1.3761340623920693, 3.6435359397887153e-20, 3.648605068624965e-21, 1.6421757997367341e-13, 1.0563239599063873e-07, -1.7375269065534472e-14, -3.478756076240056e-15]
[7.101458475850243, -8.00081149145814e-18, 7.073102172509259e-06, 5.602950836022147e-09, -1.0115999916306637, 3.8388324261774155e-20, 2.8848617111563824e-21, 1.2494928828330072e-13, 1.0563239599063873e-07, -5.674479527964966e-15, -3.1337066892681434e-15]
[8.081389561785072, -1.0094947654293635e-17, 6.11579681138037e-06, 6.538619796431147e-09, -0.9460582951911276, 3.431306502935476e-20, 4.402293277696785e-21, 1.3610736505830995e-13, 1.0563239599063873e-07, -5.674479527964966e-15, -2.8358669149148025e-15]
[10.0, -8.00081149145814e-18, 7.604246658360565e-06, 7.078492938308696e-09, -1.0115999916306637, 5.066640843795882e-20, 3.59422261939316e-21, 1.7878796551205357e-13, 8.83411581191282e-08, -8.74426238403049e-15, -3.318666154570052e-15]
[7.101458475850243, -1.24962946708981e-17, 8.114508553746187e-06, 7.3061422714928275e-09, -1.3761340623920693, 3.6435359397887153e-20, 2.8848617111563824e-21, 1.4601583479037506e-13, 9.018922226492481e-08, -1.1920160794833435e-14, -4.246636427682757e-15]

After Mutation
[7.101458475850243, -9.442222002804956e-18, 8.114508553746187e-06, 7.3061422714928275e-09, -1.2486049836655162, 4.0983206273921005e-20, 2.8848617111563824e-21, 1.4601583479037506e-13, 1.0563239599063873e-07, -6.571037333525051e-15, -1.7665509656744298e-15]
[10.0, -1.0094947654293635e-17, 8.428279212800551e-06, 6.538619796431147e-09, -1.2486049836655162, 3.431306502935476e-20, 2.883448217644215e-21, 1.3610736505830995e-13, 1.0563239599063873e-07, -1.0945207136244303e-14, -3.1526821522285184e-15]
[10.0, -1.1713365125521593e-17, 5.8725440754543646e-06, 5.557774733955837e-09, -1.2486049836655162, 3.6435359397887153e-20, 3.648605068624965e-21, 1.6421757997367341e-13, 1.0563239599063873e-07, -8.74426238403049e-15, -3.478756076240056e-15]
[6.894501034779374, -1.401556489625569e-17, 6.680291537094288e-06, 5.312330471274447e-09, -0.9740197698389453, 3.710164428554961e-20, 2.883448217644215e-21, 1.3610736505830995e-13, 7.284845211665654e-08, -7.301679656844324e-15, -3.1526821522285184e-15]
[8.284012670905677, -8.00081149145814e-18, 5.4128073873331684e-06, 8.27042654241928e-09, -1.5537789126170702, 4.270146115522105e-20, 2.8848617111563824e-21, 1.6875979597326114e-13, 7.361396257530115e-08, -6.346202729649307e-15, -3.669381141128411e-15]
[8.743889214857845, -1.2457159657878897e-17, 4.806047515666324e-06, 9.602735197160732e-09, -1.1485410919970003, 3.850395679577643e-20, 3.633749473264459e-21, 1.2691913173783828e-13, 9.412827143417596e-08, -1.7375269065534472e-14, -3.672059384614665e-15]
[5.417981093951113, -8.00081149145814e-18, 7.073102172509259e-06, 5.602950836022147e-09, -1.0115999916306637, 3.770561017929902e-20, 3.3048676088847903e-21, 1.2494928828330072e-13, 1.0563239599063873e-07, -4.6258294682022355e-15, -3.8717751651315e-15]
[6.805424250735722, -1.0094947654293635e-17, 6.8047394197089846e-06, 5.499900783838332e-09, -0.913276818340858, 2.9843975131183533e-20, 3.437957242082013e-21, 1.3610736505830995e-13, 1.2131383074364854e-07, -5.389092036282685e-15, -3.0690097609185644e-15]
[10.0, -8.84595526901291e-18, 6.511527413070091e-06, 5.601513231541858e-09, -0.8080644735021327, 5.238265940569484e-20, 3.1467250554414783e-21, 1.7791164829318398e-13, 8.893831951592192e-08, -8.74426238403049e-15, -2.8238168506741913e-15]
[6.145579961294669, -1.0653241483220636e-17, 6.515584552265725e-06, 8.221484692455402e-09, -1.6347881520184973, 3.2255224085649694e-20, 2.622566190091593e-21, 1.4601583479037506e-13, 1.0810309960450485e-07, -1.0807345953553564e-14, -4.963237279044969e-15]

----------------------------------------------------------------------------------------------------------------------------------
Generation  3 :
Initial Population
[7.101458475850243, -9.442222002804956e-18, 8.114508553746187e-06, 7.3061422714928275e-09, -1.2486049836655162, 4.0983206273921005e-20, 2.8848617111563824e-21, 1.4601583479037506e-13, 1.0563239599063873e-07, -6.571037333525051e-15, -1.7665509656744298e-15]
[10.0, -1.0094947654293635e-17, 8.428279212800551e-06, 6.538619796431147e-09, -1.2486049836655162, 3.431306502935476e-20, 2.883448217644215e-21, 1.3610736505830995e-13, 1.0563239599063873e-07, -1.0945207136244303e-14, -3.1526821522285184e-15]
[10.0, -1.1713365125521593e-17, 5.8725440754543646e-06, 5.557774733955837e-09, -1.2486049836655162, 3.6435359397887153e-20, 3.648605068624965e-21, 1.6421757997367341e-13, 1.0563239599063873e-07, -8.74426238403049e-15, -3.478756076240056e-15]
[8.743889214857845, -1.2457159657878897e-17, 4.806047515666324e-06, 9.602735197160732e-09, -1.1485410919970003, 3.850395679577643e-20, 3.633749473264459e-21, 1.2691913173783828e-13, 9.412827143417596e-08, -1.7375269065534472e-14, -3.672059384614665e-15]
[6.894501034779374, -1.401556489625569e-17, 6.680291537094288e-06, 5.312330471274447e-09, -0.9740197698389453, 3.710164428554961e-20, 2.883448217644215e-21, 1.3610736505830995e-13, 7.284845211665654e-08, -7.301679656844324e-15, -3.1526821522285184e-15]
[5.417981093951113, -8.00081149145814e-18, 7.073102172509259e-06, 5.602950836022147e-09, -1.0115999916306637, 3.770561017929902e-20, 3.3048676088847903e-21, 1.2494928828330072e-13, 1.0563239599063873e-07, -4.6258294682022355e-15, -3.8717751651315e-15]
[6.145579961294669, -1.0653241483220636e-17, 6.515584552265725e-06, 8.221484692455402e-09, -1.6347881520184973, 3.2255224085649694e-20, 2.622566190091593e-21, 1.4601583479037506e-13, 1.0810309960450485e-07, -1.0807345953553564e-14, -4.963237279044969e-15]
[10.0, -8.84595526901291e-18, 6.511527413070091e-06, 5.601513231541858e-09, -0.8080644735021327, 5.238265940569484e-20, 3.1467250554414783e-21, 1.7791164829318398e-13, 8.893831951592192e-08, -8.74426238403049e-15, -2.8238168506741913e-15]
[6.805424250735722, -1.0094947654293635e-17, 6.8047394197089846e-06, 5.499900783838332e-09, -0.913276818340858, 2.9843975131183533e-20, 3.437957242082013e-21, 1.3610736505830995e-13, 1.2131383074364854e-07, -5.389092036282685e-15, -3.0690097609185644e-15]
[8.284012670905677, -8.00081149145814e-18, 5.4128073873331684e-06, 8.27042654241928e-09, -1.5537789126170702, 4.270146115522105e-20, 2.8848617111563824e-21, 1.6875979597326114e-13, 7.361396257530115e-08, -6.346202729649307e-15, -3.669381141128411e-15]

After Selection
[7.101458475850243, -9.442222002804956e-18, 8.114508553746187e-06, 7.3061422714928275e-09, -1.2486049836655162, 4.0983206273921005e-20, 2.8848617111563824e-21, 1.4601583479037506e-13, 1.0563239599063873e-07, -6.571037333525051e-15, -1.7665509656744298e-15]
[10.0, -1.0094947654293635e-17, 8.428279212800551e-06, 6.538619796431147e-09, -1.2486049836655162, 3.431306502935476e-20, 2.883448217644215e-21, 1.3610736505830995e-13, 1.0563239599063873e-07, -1.0945207136244303e-14, -3.1526821522285184e-15]
[10.0, -1.1713365125521593e-17, 5.8725440754543646e-06, 5.557774733955837e-09, -1.2486049836655162, 3.6435359397887153e-20, 3.648605068624965e-21, 1.6421757997367341e-13, 1.0563239599063873e-07, -8.74426238403049e-15, -3.478756076240056e-15]

After Crossover
[7.101458475850243, -9.442222002804956e-18, 8.114508553746187e-06, 7.3061422714928275e-09, -1.2486049836655162, 4.0983206273921005e-20, 2.8848617111563824e-21, 1.4601583479037506e-13, 1.0563239599063873e-07, -6.571037333525051e-15, -1.7665509656744298e-15]
[10.0, -1.0094947654293635e-17, 8.428279212800551e-06, 6.538619796431147e-09, -1.2486049836655162, 3.431306502935476e-20, 2.883448217644215e-21, 1.3610736505830995e-13, 1.0563239599063873e-07, -1.0945207136244303e-14, -3.1526821522285184e-15]
[10.0, -1.1713365125521593e-17, 5.8725440754543646e-06, 5.557774733955837e-09, -1.2486049836655162, 3.6435359397887153e-20, 3.648605068624965e-21, 1.6421757997367341e-13, 1.0563239599063873e-07, -8.74426238403049e-15, -3.478756076240056e-15]
[6.145579961294669, -1.0094947654293635e-17, 6.8047394197089846e-06, 8.221484692455402e-09, -1.6347881520184973, 2.9843975131183533e-20, 2.622566190091593e-21, 1.3610736505830995e-13, 1.0810309960450485e-07, -5.389092036282685e-15, -4.963237279044969e-15]
[5.417981093951113, -8.00081149145814e-18, 7.073102172509259e-06, 8.27042654241928e-09, -1.0115999916306637, 3.2255224085649694e-20, 3.3048676088847903e-21, 1.2494928828330072e-13, 1.0810309960450485e-07, -1.0807345953553564e-14, -3.8717751651315e-15]
[6.145579961294669, -1.1713365125521593e-17, 6.515584552265725e-06, 5.557774733955837e-09, -1.2486049836655162, 3.2255224085649694e-20, 3.648605068624965e-21, 1.6421757997367341e-13, 1.0810309960450485e-07, -6.346202729649307e-15, -3.669381141128411e-15]
[5.417981093951113, -8.00081149145814e-18, 5.8725440754543646e-06, 5.602950836022147e-09, -1.2486049836655162, 3.6435359397887153e-20, 3.648605068624965e-21, 1.4601583479037506e-13, 1.0563239599063873e-07, -4.6258294682022355e-15, -3.478756076240056e-15]
[10.0, -1.1713365125521593e-17, 6.511527413070091e-06, 5.601513231541858e-09, -1.2486049836655162, 3.6435359397887153e-20, 3.648605068624965e-21, 1.6421757997367341e-13, 8.893831951592192e-08, -8.74426238403049e-15, -3.478756076240056e-15]
[10.0, -1.0094947654293635e-17, 6.511527413070091e-06, 5.557774733955837e-09, -0.913276818340858, 3.431306502935476e-20, 3.648605068624965e-21, 1.3610736505830995e-13, 1.2131383074364854e-07, -8.74426238403049e-15, -3.1526821522285184e-15]
[5.417981093951113, -8.00081149145814e-18, 7.073102172509259e-06, 5.602950836022147e-09, -1.0115999916306637, 3.770561017929902e-20, 3.3048676088847903e-21, 1.7791164829318398e-13, 8.893831951592192e-08, -8.74426238403049e-15, -3.8717751651315e-15]

After Mutation
[7.101458475850243, -9.442222002804956e-18, 8.114508553746187e-06, 7.3061422714928275e-09, -1.2486049836655162, 4.0983206273921005e-20, 2.8848617111563824e-21, 1.4601583479037506e-13, 1.0563239599063873e-07, -6.571037333525051e-15, -1.7665509656744298e-15]
[10.0, -1.0094947654293635e-17, 8.428279212800551e-06, 6.538619796431147e-09, -1.2486049836655162, 3.431306502935476e-20, 2.883448217644215e-21, 1.3610736505830995e-13, 1.0563239599063873e-07, -1.0945207136244303e-14, -3.1526821522285184e-15]
[10.0, -1.1713365125521593e-17, 5.8725440754543646e-06, 5.557774733955837e-09, -1.2486049836655162, 3.6435359397887153e-20, 3.648605068624965e-21, 1.6421757997367341e-13, 1.0563239599063873e-07, -8.74426238403049e-15, -3.478756076240056e-15]
[6.145579961294669, -1.1405593544434937e-17, 5.6271571281052815e-06, 8.221484692455402e-09, -1.6347881520184973, 3.696419000029947e-20, 2.622566190091593e-21, 1.5939596088729704e-13, 1.0810309960450485e-07, -4.164027049028507e-15, -4.963237279044969e-15]
[5.417981093951113, -8.143779724996199e-18, 6.5551810382264e-06, 6.98584026019491e-09, -1.1474559835212803, 2.82254402098781e-20, 4.01665480596322e-21, 1.2494928828330072e-13, 1.230029491140094e-07, -1.0963068515752387e-14, -3.8717751651315e-15]
[6.145579961294669, -9.148233652200068e-18, 5.922641294242258e-06, 5.557774733955837e-09, -1.3290001181124143, 3.8469512693193854e-20, 2.968427466311462e-21, 1.822748549603842e-13, 1.0810309960450485e-07, -6.346202729649307e-15, -3.858557615220332e-15]
[4.427598105449091, -9.074236215637406e-18, 4.68479305445503e-06, 5.602950836022147e-09, -1.2022720686428792, 3.6435359397887153e-20, 3.390554790981018e-21, 1.4601583479037506e-13, 1.0563239599063873e-07, -4.6258294682022355e-15, -3.0825436239381316e-15]
[10.0, -1.1713365125521593e-17, 6.511527413070091e-06, 6.503616024573938e-09, -1.2486049836655162, 3.6435359397887153e-20, 3.815230237383344e-21, 1.6421757997367341e-13, 9.57758406007793e-08, -8.74426238403049e-15, -2.6550733498456473e-15]
[10.0, -8.180742321417742e-18, 6.763848697143809e-06, 5.557774733955837e-09, -0.7690627972743778, 3.849167003535907e-20, 4.431827213693136e-21, 1.2252820344049843e-13, 1.2131383074364854e-07, -6.7544818426629354e-15, -3.1526821522285184e-15]
[4.341642238214363, -8.934110604020918e-18, 7.073102172509259e-06, 5.287354708590061e-09, -1.2283391170547566, 3.9294891084003665e-20, 4.012992468042074e-21, 2.212342910949276e-13, 9.985514181139509e-08, -8.74426238403049e-15, -3.8717751651315e-15]

----------------------------------------------------------------------------------------------------------------------------------
Generation  4 :
Initial Population
[7.101458475850243, -9.442222002804956e-18, 8.114508553746187e-06, 7.3061422714928275e-09, -1.2486049836655162, 4.0983206273921005e-20, 2.8848617111563824e-21, 1.4601583479037506e-13, 1.0563239599063873e-07, -6.571037333525051e-15, -1.7665509656744298e-15]
[10.0, -1.0094947654293635e-17, 8.428279212800551e-06, 6.538619796431147e-09, -1.2486049836655162, 3.431306502935476e-20, 2.883448217644215e-21, 1.3610736505830995e-13, 1.0563239599063873e-07, -1.0945207136244303e-14, -3.1526821522285184e-15]
[10.0, -1.1713365125521593e-17, 5.8725440754543646e-06, 5.557774733955837e-09, -1.2486049836655162, 3.6435359397887153e-20, 3.648605068624965e-21, 1.6421757997367341e-13, 1.0563239599063873e-07, -8.74426238403049e-15, -3.478756076240056e-15]
[4.341642238214363, -8.934110604020918e-18, 7.073102172509259e-06, 5.287354708590061e-09, -1.2283391170547566, 3.9294891084003665e-20, 4.012992468042074e-21, 2.212342910949276e-13, 9.985514181139509e-08, -8.74426238403049e-15, -3.8717751651315e-15]
[4.427598105449091, -9.074236215637406e-18, 4.68479305445503e-06, 5.602950836022147e-09, -1.2022720686428792, 3.6435359397887153e-20, 3.390554790981018e-21, 1.4601583479037506e-13, 1.0563239599063873e-07, -4.6258294682022355e-15, -3.0825436239381316e-15]
[10.0, -1.1713365125521593e-17, 6.511527413070091e-06, 6.503616024573938e-09, -1.2486049836655162, 3.6435359397887153e-20, 3.815230237383344e-21, 1.6421757997367341e-13, 9.57758406007793e-08, -8.74426238403049e-15, -2.6550733498456473e-15]
[6.145579961294669, -9.148233652200068e-18, 5.922641294242258e-06, 5.557774733955837e-09, -1.3290001181124143, 3.8469512693193854e-20, 2.968427466311462e-21, 1.822748549603842e-13, 1.0810309960450485e-07, -6.346202729649307e-15, -3.858557615220332e-15]
[5.417981093951113, -8.143779724996199e-18, 6.5551810382264e-06, 6.98584026019491e-09, -1.1474559835212803, 2.82254402098781e-20, 4.01665480596322e-21, 1.2494928828330072e-13, 1.230029491140094e-07, -1.0963068515752387e-14, -3.8717751651315e-15]
[6.145579961294669, -1.1405593544434937e-17, 5.6271571281052815e-06, 8.221484692455402e-09, -1.6347881520184973, 3.696419000029947e-20, 2.622566190091593e-21, 1.5939596088729704e-13, 1.0810309960450485e-07, -4.164027049028507e-15, -4.963237279044969e-15]
[10.0, -8.180742321417742e-18, 6.763848697143809e-06, 5.557774733955837e-09, -0.7690627972743778, 3.849167003535907e-20, 4.431827213693136e-21, 1.2252820344049843e-13, 1.2131383074364854e-07, -6.7544818426629354e-15, -3.1526821522285184e-15]

After Selection
[7.101458475850243, -9.442222002804956e-18, 8.114508553746187e-06, 7.3061422714928275e-09, -1.2486049836655162, 4.0983206273921005e-20, 2.8848617111563824e-21, 1.4601583479037506e-13, 1.0563239599063873e-07, -6.571037333525051e-15, -1.7665509656744298e-15]
[10.0, -1.0094947654293635e-17, 8.428279212800551e-06, 6.538619796431147e-09, -1.2486049836655162, 3.431306502935476e-20, 2.883448217644215e-21, 1.3610736505830995e-13, 1.0563239599063873e-07, -1.0945207136244303e-14, -3.1526821522285184e-15]
[10.0, -1.1713365125521593e-17, 5.8725440754543646e-06, 5.557774733955837e-09, -1.2486049836655162, 3.6435359397887153e-20, 3.648605068624965e-21, 1.6421757997367341e-13, 1.0563239599063873e-07, -8.74426238403049e-15, -3.478756076240056e-15]

After Crossover
[7.101458475850243, -9.442222002804956e-18, 8.114508553746187e-06, 7.3061422714928275e-09, -1.2486049836655162, 4.0983206273921005e-20, 2.8848617111563824e-21, 1.4601583479037506e-13, 1.0563239599063873e-07, -6.571037333525051e-15, -1.7665509656744298e-15]
[10.0, -1.0094947654293635e-17, 8.428279212800551e-06, 6.538619796431147e-09, -1.2486049836655162, 3.431306502935476e-20, 2.883448217644215e-21, 1.3610736505830995e-13, 1.0563239599063873e-07, -1.0945207136244303e-14, -3.1526821522285184e-15]
[10.0, -1.1713365125521593e-17, 5.8725440754543646e-06, 5.557774733955837e-09, -1.2486049836655162, 3.6435359397887153e-20, 3.648605068624965e-21, 1.6421757997367341e-13, 1.0563239599063873e-07, -8.74426238403049e-15, -3.478756076240056e-15]
[7.101458475850243, -1.0094947654293635e-17, 8.428279212800551e-06, 7.3061422714928275e-09, -1.2486049836655162, 4.0983206273921005e-20, 2.883448217644215e-21, 1.3610736505830995e-13, 1.0563239599063873e-07, -8.74426238403049e-15, -3.478756076240056e-15]
[10.0, -8.934110604020918e-18, 7.073102172509259e-06, 5.287354708590061e-09, -1.2283391170547566, 3.9294891084003665e-20, 3.390554790981018e-21, 1.4601583479037506e-13, 9.57758406007793e-08, -4.6258294682022355e-15, -3.0825436239381316e-15]
[10.0, -1.1713365125521593e-17, 6.511527413070091e-06, 6.503616024573938e-09, -1.2486049836655162, 3.6435359397887153e-20, 4.431827213693136e-21, 1.2494928828330072e-13, 9.57758406007793e-08, -8.74426238403049e-15, -2.6550733498456473e-15]
[10.0, -1.0094947654293635e-17, 6.511527413070091e-06, 6.538619796431147e-09, -1.2486049836655162, 3.6435359397887153e-20, 2.622566190091593e-21, 1.2494928828330072e-13, 1.230029491140094e-07, -4.164027049028507e-15, -2.6550733498456473e-15]
[10.0, -1.1713365125521593e-17, 8.428279212800551e-06, 5.557774733955837e-09, -1.2486049836655162, 2.82254402098781e-20, 4.431827213693136e-21, 1.3610736505830995e-13, 1.0563239599063873e-07, -1.0963068515752387e-14, -3.8717751651315e-15]
[10.0, -9.074236215637406e-18, 6.763848697143809e-06, 5.557774733955837e-09, -1.2022720686428792, 3.696419000029947e-20, 4.431827213693136e-21, 1.2252820344049843e-13, 1.2131383074364854e-07, -8.74426238403049e-15, -3.478756076240056e-15]
[10.0, -1.1713365125521593e-17, 8.428279212800551e-06, 7.3061422714928275e-09, -1.2283391170547566, 3.9294891084003665e-20, 2.8848617111563824e-21, 1.4601583479037506e-13, 1.0563239599063873e-07, -6.571037333525051e-15, -3.1526821522285184e-15]

After Mutation
[7.101458475850243, -9.442222002804956e-18, 8.114508553746187e-06, 7.3061422714928275e-09, -1.2486049836655162, 4.0983206273921005e-20, 2.8848617111563824e-21, 1.4601583479037506e-13, 1.0563239599063873e-07, -6.571037333525051e-15, -1.7665509656744298e-15]
[10.0, -1.0094947654293635e-17, 8.428279212800551e-06, 6.538619796431147e-09, -1.2486049836655162, 3.431306502935476e-20, 2.883448217644215e-21, 1.3610736505830995e-13, 1.0563239599063873e-07, -1.0945207136244303e-14, -3.1526821522285184e-15]
[10.0, -1.1713365125521593e-17, 5.8725440754543646e-06, 5.557774733955837e-09, -1.2486049836655162, 3.6435359397887153e-20, 3.648605068624965e-21, 1.6421757997367341e-13, 1.0563239599063873e-07, -8.74426238403049e-15, -3.478756076240056e-15]
[7.732211439322401, -1.1332768695634994e-17, 9.583269585787843e-06, 7.405445012992615e-09, -1.142775820179583, 4.0983206273921005e-20, 3.406184146562964e-21, 1.3852852263573128e-13, 1.2897721697848875e-07, -8.74426238403049e-15, -3.478756076240056e-15]
[10.0, -8.685810821793938e-18, 7.073102172509259e-06, 5.287354708590061e-09, -1.2283391170547566, 3.904672014406289e-20, 3.765576732320953e-21, 1.4601583479037506e-13, 1.0511824275245494e-07, -4.032783847966252e-15, -3.1852656948274e-15]
[10.0, -9.573725482586476e-18, 7.559036260197344e-06, 7.197572870692057e-09, -1.2486049836655162, 3.536639762422601e-20, 4.70067320886271e-21, 1.4525839438499303e-13, 8.253765415758882e-08, -7.583495252459161e-15, -2.2960670553300846e-15]
[10.0, -1.0094947654293635e-17, 6.511527413070091e-06, 6.017655356157713e-09, -1.2486049836655162, 3.182310023380276e-20, 2.0715350946993828e-21, 1.2494928828330072e-13, 1.230029491140094e-07, -4.154842949773329e-15, -2.2740972496144246e-15]
[10.0, -9.073110639053831e-18, 8.428279212800551e-06, 5.557774733955837e-09, -1.372110938436663, 2.6174275155141297e-20, 4.174481825350563e-21, 1.3982974470237647e-13, 1.2805664639252942e-07, -1.0963068515752387e-14, -3.0270512722399847e-15]
[10.0, -8.388961545701352e-18, 6.467285807186431e-06, 5.557774733955837e-09, -1.2022720686428792, 4.5415536487092576e-20, 4.431827213693136e-21, 1.0958982805019244e-13, 1.2131383074364854e-07, -6.665377985314154e-15, -4.031123385562292e-15]
[7.515147111693514, -9.777016165792753e-18, 8.428279212800551e-06, 6.653142197569133e-09, -1.2283391170547566, 3.9294891084003665e-20, 2.8848617111563824e-21, 1.4601583479037506e-13, 1.0563239599063873e-07, -5.936270160406782e-15, -2.507831285034093e-15]

----------------------------------------------------------------------------------------------------------------------------------
Generation  5 :
Initial Population
[7.101458475850243, -9.442222002804956e-18, 8.114508553746187e-06, 7.3061422714928275e-09, -1.2486049836655162, 4.0983206273921005e-20, 2.8848617111563824e-21, 1.4601583479037506e-13, 1.0563239599063873e-07, -6.571037333525051e-15, -1.7665509656744298e-15]
[10.0, -1.0094947654293635e-17, 8.428279212800551e-06, 6.538619796431147e-09, -1.2486049836655162, 3.431306502935476e-20, 2.883448217644215e-21, 1.3610736505830995e-13, 1.0563239599063873e-07, -1.0945207136244303e-14, -3.1526821522285184e-15]
[10.0, -1.1713365125521593e-17, 5.8725440754543646e-06, 5.557774733955837e-09, -1.2486049836655162, 3.6435359397887153e-20, 3.648605068624965e-21, 1.6421757997367341e-13, 1.0563239599063873e-07, -8.74426238403049e-15, -3.478756076240056e-15]
[10.0, -8.685810821793938e-18, 7.073102172509259e-06, 5.287354708590061e-09, -1.2283391170547566, 3.904672014406289e-20, 3.765576732320953e-21, 1.4601583479037506e-13, 1.0511824275245494e-07, -4.032783847966252e-15, -3.1852656948274e-15]
[7.515147111693514, -9.777016165792753e-18, 8.428279212800551e-06, 6.653142197569133e-09, -1.2283391170547566, 3.9294891084003665e-20, 2.8848617111563824e-21, 1.4601583479037506e-13, 1.0563239599063873e-07, -5.936270160406782e-15, -2.507831285034093e-15]
[10.0, -9.073110639053831e-18, 8.428279212800551e-06, 5.557774733955837e-09, -1.372110938436663, 2.6174275155141297e-20, 4.174481825350563e-21, 1.3982974470237647e-13, 1.2805664639252942e-07, -1.0963068515752387e-14, -3.0270512722399847e-15]
[10.0, -1.0094947654293635e-17, 6.511527413070091e-06, 6.017655356157713e-09, -1.2486049836655162, 3.182310023380276e-20, 2.0715350946993828e-21, 1.2494928828330072e-13, 1.230029491140094e-07, -4.154842949773329e-15, -2.2740972496144246e-15]
[10.0, -9.573725482586476e-18, 7.559036260197344e-06, 7.197572870692057e-09, -1.2486049836655162, 3.536639762422601e-20, 4.70067320886271e-21, 1.4525839438499303e-13, 8.253765415758882e-08, -7.583495252459161e-15, -2.2960670553300846e-15]
[10.0, -8.388961545701352e-18, 6.467285807186431e-06, 5.557774733955837e-09, -1.2022720686428792, 4.5415536487092576e-20, 4.431827213693136e-21, 1.0958982805019244e-13, 1.2131383074364854e-07, -6.665377985314154e-15, -4.031123385562292e-15]
[7.732211439322401, -1.1332768695634994e-17, 9.583269585787843e-06, 7.405445012992615e-09, -1.142775820179583, 4.0983206273921005e-20, 3.406184146562964e-21, 1.3852852263573128e-13, 1.2897721697848875e-07, -8.74426238403049e-15, -3.478756076240056e-15]

After Selection
[7.101458475850243, -9.442222002804956e-18, 8.114508553746187e-06, 7.3061422714928275e-09, -1.2486049836655162, 4.0983206273921005e-20, 2.8848617111563824e-21, 1.4601583479037506e-13, 1.0563239599063873e-07, -6.571037333525051e-15, -1.7665509656744298e-15]
[10.0, -1.0094947654293635e-17, 8.428279212800551e-06, 6.538619796431147e-09, -1.2486049836655162, 3.431306502935476e-20, 2.883448217644215e-21, 1.3610736505830995e-13, 1.0563239599063873e-07, -1.0945207136244303e-14, -3.1526821522285184e-15]
[10.0, -1.1713365125521593e-17, 5.8725440754543646e-06, 5.557774733955837e-09, -1.2486049836655162, 3.6435359397887153e-20, 3.648605068624965e-21, 1.6421757997367341e-13, 1.0563239599063873e-07, -8.74426238403049e-15, -3.478756076240056e-15]

After Crossover
[7.101458475850243, -9.442222002804956e-18, 8.114508553746187e-06, 7.3061422714928275e-09, -1.2486049836655162, 4.0983206273921005e-20, 2.8848617111563824e-21, 1.4601583479037506e-13, 1.0563239599063873e-07, -6.571037333525051e-15, -1.7665509656744298e-15]
[10.0, -1.0094947654293635e-17, 8.428279212800551e-06, 6.538619796431147e-09, -1.2486049836655162, 3.431306502935476e-20, 2.883448217644215e-21, 1.3610736505830995e-13, 1.0563239599063873e-07, -1.0945207136244303e-14, -3.1526821522285184e-15]
[10.0, -1.1713365125521593e-17, 5.8725440754543646e-06, 5.557774733955837e-09, -1.2486049836655162, 3.6435359397887153e-20, 3.648605068624965e-21, 1.6421757997367341e-13, 1.0563239599063873e-07, -8.74426238403049e-15, -3.478756076240056e-15]
[10.0, -1.0094947654293635e-17, 6.511527413070091e-06, 5.557774733955837e-09, -1.2486049836655162, 4.0983206273921005e-20, 2.8848617111563824e-21, 1.0958982805019244e-13, 1.0563239599063873e-07, -6.665377985314154e-15, -1.7665509656744298e-15]
[10.0, -8.685810821793938e-18, 6.511527413070091e-06, 6.017655356157713e-09, -1.2283391170547566, 3.904672014406289e-20, 4.431827213693136e-21, 1.0958982805019244e-13, 1.2131383074364854e-07, -4.032783847966252e-15, -3.1852656948274e-15]
[7.732211439322401, -1.1713365125521593e-17, 9.583269585787843e-06, 6.653142197569133e-09, -1.2283391170547566, 3.431306502935476e-20, 2.883448217644215e-21, 1.3610736505830995e-13, 1.0563239599063873e-07, -8.74426238403049e-15, -3.478756076240056e-15]
[10.0, -1.0094947654293635e-17, 8.428279212800551e-06, 5.557774733955837e-09, -1.2486049836655162, 3.431306502935476e-20, 2.0715350946993828e-21, 1.6421757997367341e-13, 1.0563239599063873e-07, -1.0945207136244303e-14, -2.2740972496144246e-15]
[10.0, -9.777016165792753e-18, 5.8725440754543646e-06, 6.653142197569133e-09, -1.2283391170547566, 3.9294891084003665e-20, 3.648605068624965e-21, 1.6421757997367341e-13, 1.0563239599063873e-07, -8.74426238403049e-15, -3.478756076240056e-15]
[7.101458475850243, -1.0094947654293635e-17, 8.114508553746187e-06, 5.557774733955837e-09, -1.372110938436663, 3.431306502935476e-20, 2.883448217644215e-21, 1.6421757997367341e-13, 1.0563239599063873e-07, -8.74426238403049e-15, -3.478756076240056e-15]
[7.101458475850243, -9.442222002804956e-18, 8.428279212800551e-06, 5.557774733955837e-09, -1.2486049836655162, 2.6174275155141297e-20, 4.174481825350563e-21, 1.3982974470237647e-13, 1.2805664639252942e-07, -7.583495252459161e-15, -2.2960670553300846e-15]

After Mutation
[7.101458475850243, -9.442222002804956e-18, 8.114508553746187e-06, 7.3061422714928275e-09, -1.2486049836655162, 4.0983206273921005e-20, 2.8848617111563824e-21, 1.4601583479037506e-13, 1.0563239599063873e-07, -6.571037333525051e-15, -1.7665509656744298e-15]
