----------------------------------------------------------------------------------------------------------------------------------
Generation  1 :
Initial Population
[10.0, -1.1713365125521593e-17, 5.8725440754543646e-06, 5.557774733955837e-09, -1.2486049836655162, 3.6435359397887153e-20, 3.648605068624965e-21, 1.6421757997367341e-13, 1.0563239599063873e-07, -8.74426238403049e-15, -3.478756076240056e-15]
[9.065016361641407, -9.314576772334717e-18, 5.681808198076534e-06, 6.538619796431147e-09, -1.2486049836655162, 3.431306502935476e-20, 3.3183730000877873e-21, 1.3610736505830995e-13, 1.0563239599063873e-07, -8.756274436367583e-15, -3.562700096310279e-15]
[9.406531667806043, -9.314576772334717e-18, 7.414734995531018e-06, 4.994098080866936e-09, -1.2486049836655162, 3.431306502935476e-20, 3.5147169390258244e-21, 1.6421757997367341e-13, 1.0563239599063873e-07, -8.756274436367583e-15, -3.8472536555622595e-15]
[10.0, -1.1167582071858432e-17, 6.9358611712499414e-06, 5.656901520503375e-09, -1.2486049836655162, 3.431306502935476e-20, 2.180278761274081e-21, 1.3610736505830995e-13, 1.1249666886920802e-07, -7.474963678757544e-15, -3.1947225644929955e-15]
[10.0, -1.2883390143673726e-17, 8.45149448735739e-06, 6.0901570712011866e-09, -1.0931760298736288, 2.0857963426117023e-20, 3.2758041266771667e-21, 9.571942075180994e-14, 8.143023884641656e-08, -9.720621928773096e-15, -5.301010309833291e-15]
[8.3506020715612, -1.000015108149705e-17, 4.572224484200406e-06, 7.03778117899858e-09, -1.0645686902776994, 2.6328774749212364e-20, 2.7955660859126946e-21, 1.0945472414762128e-13, 6.36657964624186e-08, -1.066179028060251e-14, -5.957531484081699e-15]
[10.0, -9.022265850880688e-18, 4.135340361308882e-06, 4.759989395987791e-09, -1.0570591443360515, 3.431306502935476e-20, 3.6276742104704e-21, 1.5444840626194588e-13, 1.1648263386583268e-07, -1.0825869507421512e-14, -3.8472536555622595e-15]
[7.76841310768624, -1.233193224484437e-17, 7.414734995531018e-06, 4.590335922825384e-09, -1.4723125245088404, 4.054228034413988e-20, 2.0558408128425823e-21, 1.0509347824607019e-13, 8.270853647334795e-08, -6.252544157199735e-15, -4.10350689865969e-15]
[8.657702537451682, -7.039586040233582e-18, 3.877639663171508e-06, 5.678690408230567e-09, -0.9418556972627898, 3.431306502935476e-20, 3.0259712677122295e-21, 1.1888245844890244e-13, 1.0736481881588675e-07, -7.532954717315443e-15, -1.4426629912211635e-15]
[9.36175812375887, -1.2141612266519859e-17, 5.078508712571369e-06, 4.843985030096544e-09, -1.408128382113631, 3.158571504130884e-20, 3.7937184846421e-21, 1.5416782619913133e-13, 5.248732930929472e-08, -9.149129766438255e-15, -1.6851648560418613e-15]

After Selection
[10.0, -1.1713365125521593e-17, 5.8725440754543646e-06, 5.557774733955837e-09, -1.2486049836655162, 3.6435359397887153e-20, 3.648605068624965e-21, 1.6421757997367341e-13, 1.0563239599063873e-07, -8.74426238403049e-15, -3.478756076240056e-15]
[9.065016361641407, -9.314576772334717e-18, 5.681808198076534e-06, 6.538619796431147e-09, -1.2486049836655162, 3.431306502935476e-20, 3.3183730000877873e-21, 1.3610736505830995e-13, 1.0563239599063873e-07, -8.756274436367583e-15, -3.562700096310279e-15]
[9.406531667806043, -9.314576772334717e-18, 7.414734995531018e-06, 4.994098080866936e-09, -1.2486049836655162, 3.431306502935476e-20, 3.5147169390258244e-21, 1.6421757997367341e-13, 1.0563239599063873e-07, -8.756274436367583e-15, -3.8472536555622595e-15]

After Crossover
[10.0, -1.1713365125521593e-17, 5.8725440754543646e-06, 5.557774733955837e-09, -1.2486049836655162, 3.6435359397887153e-20, 3.648605068624965e-21, 1.6421757997367341e-13, 1.0563239599063873e-07, -8.74426238403049e-15, -3.478756076240056e-15]
[9.065016361641407, -9.314576772334717e-18, 5.681808198076534e-06, 6.538619796431147e-09, -1.2486049836655162, 3.431306502935476e-20, 3.3183730000877873e-21, 1.3610736505830995e-13, 1.0563239599063873e-07, -8.756274436367583e-15, -3.562700096310279e-15]
[9.406531667806043, -9.314576772334717e-18, 7.414734995531018e-06, 4.994098080866936e-09, -1.2486049836655162, 3.431306502935476e-20, 3.5147169390258244e-21, 1.6421757997367341e-13, 1.0563239599063873e-07, -8.756274436367583e-15, -3.8472536555622595e-15]
[8.3506020715612, -1.1713365125521593e-17, 5.078508712571369e-06, 4.759989395987791e-09, -1.0645686902776994, 2.6328774749212364e-20, 3.648605068624965e-21, 1.0945472414762128e-13, 6.36657964624186e-08, -8.74426238403049e-15, -3.478756076240056e-15]
[9.065016361641407, -9.314576772334717e-18, 7.414734995531018e-06, 6.538619796431147e-09, -1.2486049836655162, 3.431306502935476e-20, 3.3183730000877873e-21, 1.3610736505830995e-13, 1.0563239599063873e-07, -8.756274436367583e-15, -3.8472536555622595e-15]
[10.0, -9.314576772334717e-18, 6.9358611712499414e-06, 4.994098080866936e-09, -1.2486049836655162, 3.431306502935476e-20, 2.180278761274081e-21, 1.3610736505830995e-13, 1.0563239599063873e-07, -8.756274436367583e-15, -3.8472536555622595e-15]
[9.065016361641407, -1.1167582071858432e-17, 4.135340361308882e-06, 4.759989395987791e-09, -1.2486049836655162, 3.431306502935476e-20, 3.3183730000877873e-21, 1.3610736505830995e-13, 1.1249666886920802e-07, -7.474963678757544e-15, -3.562700096310279e-15]
[9.406531667806043, -9.314576772334717e-18, 6.9358611712499414e-06, 5.656901520503375e-09, -1.2486049836655162, 3.431306502935476e-20, 3.2758041266771667e-21, 1.3610736505830995e-13, 8.143023884641656e-08, -9.720621928773096e-15, -5.301010309833291e-15]
[9.406531667806043, -1.1713365125521593e-17, 5.8725440754543646e-06, 5.557774733955837e-09, -1.2486049836655162, 2.0857963426117023e-20, 3.648605068624965e-21, 1.6421757997367341e-13, 1.0563239599063873e-07, -8.756274436367583e-15, -5.301010309833291e-15]
[10.0, -1.2883390143673726e-17, 5.078508712571369e-06, 7.03778117899858e-09, -1.0645686902776994, 2.0857963426117023e-20, 2.7955660859126946e-21, 1.0945472414762128e-13, 8.143023884641656e-08, -9.720621928773096e-15, -5.957531484081699e-15]

After Mutation
[10.0, -1.1713365125521593e-17, 5.8725440754543646e-06, 5.557774733955837e-09, -1.2486049836655162, 3.6435359397887153e-20, 3.648605068624965e-21, 1.6421757997367341e-13, 1.0563239599063873e-07, -8.74426238403049e-15, -3.478756076240056e-15]
[9.065016361641407, -9.314576772334717e-18, 5.681808198076534e-06, 6.538619796431147e-09, -1.2486049836655162, 3.431306502935476e-20, 3.3183730000877873e-21, 1.3610736505830995e-13, 1.0563239599063873e-07, -8.756274436367583e-15, -3.562700096310279e-15]
[9.406531667806043, -9.314576772334717e-18, 7.414734995531018e-06, 4.994098080866936e-09, -1.2486049836655162, 3.431306502935476e-20, 3.5147169390258244e-21, 1.6421757997367341e-13, 1.0563239599063873e-07, -8.756274436367583e-15, -3.8472536555622595e-15]
[9.775591224371112, -9.077818435672615e-18, 5.976489305027265e-06, 4.222068582821373e-09, -1.267888418364924, 2.6328774749212364e-20, 3.639615709370411e-21, 1.3025761261694438e-13, 6.36657964624186e-08, -9.030402151914612e-15, -3.478756076240056e-15]
[10.0, -1.0094947654293635e-17, 8.428279212800551e-06, 6.538619796431147e-09, -1.2486049836655162, 3.431306502935476e-20, 2.883448217644215e-21, 1.3610736505830995e-13, 1.0563239599063873e-07, -1.0945207136244303e-14, -3.1526821522285184e-15]
[10.0, -1.152325712395222e-17, 7.884597475462716e-06, 5.518623509612193e-09, -1.2486049836655162, 2.913411476724147e-20, 1.896771681398082e-21, 1.2048067984274419e-13, 1.0437120306794247e-07, -8.756274436367583e-15, -2.9611744802290216e-15]
[7.204524728804117, -1.3571952733367631e-17, 4.457940151943764e-06, 5.474678914916343e-09, -1.1182823034769669, 3.431306502935476e-20, 3.3183730000877873e-21, 1.4824554272672447e-13, 1.0487977732786693e-07, -7.474963678757544e-15, -2.6983743091603906e-15]
[10.0, -8.668319114500914e-18, 8.120412408982124e-06, 5.656901520503375e-09, -1.4729812365337327, 3.980106588555994e-20, 2.686677384752029e-21, 1.3610736505830995e-13, 8.143023884641656e-08, -1.1280565841709942e-14, -5.301010309833291e-15]
[9.613425412755863, -1.1713365125521593e-17, 6.579007036962274e-06, 5.557774733955837e-09, -1.2486049836655162, 2.0857963426117023e-20, 4.333178485482884e-21, 1.5330217393068143e-13, 1.0563239599063873e-07, -7.872105837151174e-15, -5.301010309833291e-15]
[10.0, -1.0736943032169211e-17, 5.078508712571369e-06, 7.03778117899858e-09, -0.9298991156201027, 1.9944723526170165e-20, 2.618463456914481e-21, 8.429684038800089e-14, 8.143023884641656e-08, -9.720621928773096e-15, -4.724911108850837e-15]

----------------------------------------------------------------------------------------------------------------------------------
Generation  2 :
Initial Population
[10.0, -1.0094947654293635e-17, 8.428279212800551e-06, 6.538619796431147e-09, -1.2486049836655162, 3.431306502935476e-20, 2.883448217644215e-21, 1.3610736505830995e-13, 1.0563239599063873e-07, -1.0945207136244303e-14, -3.1526821522285184e-15]
[10.0, -1.1713365125521593e-17, 5.8725440754543646e-06, 5.557774733955837e-09, -1.2486049836655162, 3.6435359397887153e-20, 3.648605068624965e-21, 1.6421757997367341e-13, 1.0563239599063873e-07, -8.74426238403049e-15, -3.478756076240056e-15]
[9.065016361641407, -9.314576772334717e-18, 5.681808198076534e-06, 6.538619796431147e-09, -1.2486049836655162, 3.431306502935476e-20, 3.3183730000877873e-21, 1.3610736505830995e-13, 1.0563239599063873e-07, -8.756274436367583e-15, -3.562700096310279e-15]
[9.406531667806043, -9.314576772334717e-18, 7.414734995531018e-06, 4.994098080866936e-09, -1.2486049836655162, 3.431306502935476e-20, 3.5147169390258244e-21, 1.6421757997367341e-13, 1.0563239599063873e-07, -8.756274436367583e-15, -3.8472536555622595e-15]
[9.613425412755863, -1.1713365125521593e-17, 6.579007036962274e-06, 5.557774733955837e-09, -1.2486049836655162, 2.0857963426117023e-20, 4.333178485482884e-21, 1.5330217393068143e-13, 1.0563239599063873e-07, -7.872105837151174e-15, -5.301010309833291e-15]
[10.0, -1.152325712395222e-17, 7.884597475462716e-06, 5.518623509612193e-09, -1.2486049836655162, 2.913411476724147e-20, 1.896771681398082e-21, 1.2048067984274419e-13, 1.0437120306794247e-07, -8.756274436367583e-15, -2.9611744802290216e-15]
[7.204524728804117, -1.3571952733367631e-17, 4.457940151943764e-06, 5.474678914916343e-09, -1.1182823034769669, 3.431306502935476e-20, 3.3183730000877873e-21, 1.4824554272672447e-13, 1.0487977732786693e-07, -7.474963678757544e-15, -2.6983743091603906e-15]
[9.775591224371112, -9.077818435672615e-18, 5.976489305027265e-06, 4.222068582821373e-09, -1.267888418364924, 2.6328774749212364e-20, 3.639615709370411e-21, 1.3025761261694438e-13, 6.36657964624186e-08, -9.030402151914612e-15, -3.478756076240056e-15]
[10.0, -1.0736943032169211e-17, 5.078508712571369e-06, 7.03778117899858e-09, -0.9298991156201027, 1.9944723526170165e-20, 2.618463456914481e-21, 8.429684038800089e-14, 8.143023884641656e-08, -9.720621928773096e-15, -4.724911108850837e-15]
[10.0, -8.668319114500914e-18, 8.120412408982124e-06, 5.656901520503375e-09, -1.4729812365337327, 3.980106588555994e-20, 2.686677384752029e-21, 1.3610736505830995e-13, 8.143023884641656e-08, -1.1280565841709942e-14, -5.301010309833291e-15]

After Selection
[10.0, -1.0094947654293635e-17, 8.428279212800551e-06, 6.538619796431147e-09, -1.2486049836655162, 3.431306502935476e-20, 2.883448217644215e-21, 1.3610736505830995e-13, 1.0563239599063873e-07, -1.0945207136244303e-14, -3.1526821522285184e-15]
[10.0, -1.1713365125521593e-17, 5.8725440754543646e-06, 5.557774733955837e-09, -1.2486049836655162, 3.6435359397887153e-20, 3.648605068624965e-21, 1.6421757997367341e-13, 1.0563239599063873e-07, -8.74426238403049e-15, -3.478756076240056e-15]
[9.065016361641407, -9.314576772334717e-18, 5.681808198076534e-06, 6.538619796431147e-09, -1.2486049836655162, 3.431306502935476e-20, 3.3183730000877873e-21, 1.3610736505830995e-13, 1.0563239599063873e-07, -8.756274436367583e-15, -3.562700096310279e-15]

After Crossover
[10.0, -1.0094947654293635e-17, 8.428279212800551e-06, 6.538619796431147e-09, -1.2486049836655162, 3.431306502935476e-20, 2.883448217644215e-21, 1.3610736505830995e-13, 1.0563239599063873e-07, -1.0945207136244303e-14, -3.1526821522285184e-15]
[10.0, -1.1713365125521593e-17, 5.8725440754543646e-06, 5.557774733955837e-09, -1.2486049836655162, 3.6435359397887153e-20, 3.648605068624965e-21, 1.6421757997367341e-13, 1.0563239599063873e-07, -8.74426238403049e-15, -3.478756076240056e-15]
[9.065016361641407, -9.314576772334717e-18, 5.681808198076534e-06, 6.538619796431147e-09, -1.2486049836655162, 3.431306502935476e-20, 3.3183730000877873e-21, 1.3610736505830995e-13, 1.0563239599063873e-07, -8.756274436367583e-15, -3.562700096310279e-15]
[10.0, -8.668319114500914e-18, 8.120412408982124e-06, 4.994098080866936e-09, -1.2486049836655162, 3.6435359397887153e-20, 2.686677384752029e-21, 1.6421757997367341e-13, 1.0563239599063873e-07, -8.756274436367583e-15, -3.8472536555622595e-15]
[9.775591224371112, -1.3571952733367631e-17, 5.976489305027265e-06, 5.474678914916343e-09, -1.1182823034769669, 2.0857963426117023e-20, 3.3183730000877873e-21, 1.5330217393068143e-13, 6.36657964624186e-08, -9.030402151914612e-15, -5.301010309833291e-15]
[10.0, -1.1713365125521593e-17, 6.579007036962274e-06, 5.557774733955837e-09, -0.9298991156201027, 3.6435359397887153e-20, 3.648605068624965e-21, 1.5330217393068143e-13, 1.0563239599063873e-07, -9.720621928773096e-15, -5.301010309833291e-15]
[9.406531667806043, -9.314576772334717e-18, 7.414734995531018e-06, 4.994098080866936e-09, -1.2486049836655162, 3.431306502935476e-20, 2.686677384752029e-21, 1.6421757997367341e-13, 1.0563239599063873e-07, -8.756274436367583e-15, -3.8472536555622595e-15]
[10.0, -8.668319114500914e-18, 8.428279212800551e-06, 6.538619796431147e-09, -1.4729812365337327, 3.980106588555994e-20, 2.686677384752029e-21, 1.3610736505830995e-13, 8.143023884641656e-08, -1.0945207136244303e-14, -5.301010309833291e-15]
[9.775591224371112, -1.1713365125521593e-17, 5.8725440754543646e-06, 5.557774733955837e-09, -1.2486049836655162, 2.0857963426117023e-20, 3.639615709370411e-21, 1.6421757997367341e-13, 1.0487977732786693e-07, -8.74426238403049e-15, -3.478756076240056e-15]
[10.0, -1.0094947654293635e-17, 4.457940151943764e-06, 5.518623509612193e-09, -1.2486049836655162, 2.913411476724147e-20, 2.618463456914481e-21, 1.3610736505830995e-13, 1.0437120306794247e-07, -1.0945207136244303e-14, -2.9611744802290216e-15]

After Mutation
[10.0, -1.0094947654293635e-17, 8.428279212800551e-06, 6.538619796431147e-09, -1.2486049836655162, 3.431306502935476e-20, 2.883448217644215e-21, 1.3610736505830995e-13, 1.0563239599063873e-07, -1.0945207136244303e-14, -3.1526821522285184e-15]
[10.0, -1.1713365125521593e-17, 5.8725440754543646e-06, 5.557774733955837e-09, -1.2486049836655162, 3.6435359397887153e-20, 3.648605068624965e-21, 1.6421757997367341e-13, 1.0563239599063873e-07, -8.74426238403049e-15, -3.478756076240056e-15]
[9.065016361641407, -9.314576772334717e-18, 5.681808198076534e-06, 6.538619796431147e-09, -1.2486049836655162, 3.431306502935476e-20, 3.3183730000877873e-21, 1.3610736505830995e-13, 1.0563239599063873e-07, -8.756274436367583e-15, -3.562700096310279e-15]
[10.0, -9.842840035491917e-18, 7.141306782887945e-06, 4.5135064976887695e-09, -1.3118085949586593, 3.542919249154639e-20, 2.5250051212786644e-21, 1.6421757997367341e-13, 1.0397073988111277e-07, -8.32530830746643e-15, -4.551055576629777e-15]
[9.645452323452552, -1.45632739900941e-17, 6.095782829066919e-06, 5.762290622412912e-09, -1.2778857165551725, 2.0857963426117023e-20, 3.091603624351417e-21, 1.3187383018265843e-13, 6.66832712798756e-08, -9.030402151914612e-15, -5.755949865599781e-15]
[7.7349700198442495, -9.023735364668437e-18, 5.885291737248054e-06, 4.628556522581477e-09, -0.8300913762153149, 3.86065474947148e-20, 3.6142952756964356e-21, 1.86723353007308e-13, 1.0563239599063873e-07, -1.1305703703319061e-14, -4.693737437144674e-15]
[9.406531667806043, -8.647361413160864e-18, 7.414734995531018e-06, 4.868781635275596e-09, -1.029574454057292, 4.117173671193141e-20, 2.1467443585527946e-21, 1.8383202817832096e-13, 1.3123711031517575e-07, -8.756274436367583e-15, -4.618260593856025e-15]
[10.0, -8.668319114500914e-18, 8.113730042824041e-06, 7.699646126801515e-09, -1.718402112202109, 3.5680283882849906e-20, 2.686677384752029e-21, 1.6503878648738712e-13, 8.143023884641656e-08, -1.0945207136244303e-14, -5.301010309833291e-15]
[8.348145939622713, -1.1713365125521593e-17, 6.2965949615224565e-06, 4.950768398608487e-09, -1.348618583262511, 2.3576211200132923e-20, 3.245372988866005e-21, 1.4771130937703754e-13, 1.0487977732786693e-07, -8.74426238403049e-15, -3.478756076240056e-15]
[9.50261988291136, -9.75156585345756e-18, 4.457940151943764e-06, 4.987657546545488e-09, -1.5044635848457089, 2.913411476724147e-20, 3.2638234994325692e-21, 1.3610736505830995e-13, 1.1663197530715099e-07, -9.908198757825866e-15, -2.9611744802290216e-15]

----------------------------------------------------------------------------------------------------------------------------------
Generation  3 :
Initial Population
[10.0, -1.0094947654293635e-17, 8.428279212800551e-06, 6.538619796431147e-09, -1.2486049836655162, 3.431306502935476e-20, 2.883448217644215e-21, 1.3610736505830995e-13, 1.0563239599063873e-07, -1.0945207136244303e-14, -3.1526821522285184e-15]
[10.0, -1.1713365125521593e-17, 5.8725440754543646e-06, 5.557774733955837e-09, -1.2486049836655162, 3.6435359397887153e-20, 3.648605068624965e-21, 1.6421757997367341e-13, 1.0563239599063873e-07, -8.74426238403049e-15, -3.478756076240056e-15]
[9.065016361641407, -9.314576772334717e-18, 5.681808198076534e-06, 6.538619796431147e-09, -1.2486049836655162, 3.431306502935476e-20, 3.3183730000877873e-21, 1.3610736505830995e-13, 1.0563239599063873e-07, -8.756274436367583e-15, -3.562700096310279e-15]
[10.0, -9.842840035491917e-18, 7.141306782887945e-06, 4.5135064976887695e-09, -1.3118085949586593, 3.542919249154639e-20, 2.5250051212786644e-21, 1.6421757997367341e-13, 1.0397073988111277e-07, -8.32530830746643e-15, -4.551055576629777e-15]
[8.348145939622713, -1.1713365125521593e-17, 6.2965949615224565e-06, 4.950768398608487e-09, -1.348618583262511, 2.3576211200132923e-20, 3.245372988866005e-21, 1.4771130937703754e-13, 1.0487977732786693e-07, -8.74426238403049e-15, -3.478756076240056e-15]
[9.50261988291136, -9.75156585345756e-18, 4.457940151943764e-06, 4.987657546545488e-09, -1.5044635848457089, 2.913411476724147e-20, 3.2638234994325692e-21, 1.3610736505830995e-13, 1.1663197530715099e-07, -9.908198757825866e-15, -2.9611744802290216e-15]
[9.645452323452552, -1.45632739900941e-17, 6.095782829066919e-06, 5.762290622412912e-09, -1.2778857165551725, 2.0857963426117023e-20, 3.091603624351417e-21, 1.3187383018265843e-13, 6.66832712798756e-08, -9.030402151914612e-15, -5.755949865599781e-15]
[9.406531667806043, -8.647361413160864e-18, 7.414734995531018e-06, 4.868781635275596e-09, -1.029574454057292, 4.117173671193141e-20, 2.1467443585527946e-21, 1.8383202817832096e-13, 1.3123711031517575e-07, -8.756274436367583e-15, -4.618260593856025e-15]
[7.7349700198442495, -9.023735364668437e-18, 5.885291737248054e-06, 4.628556522581477e-09, -0.8300913762153149, 3.86065474947148e-20, 3.6142952756964356e-21, 1.86723353007308e-13, 1.0563239599063873e-07, -1.1305703703319061e-14, -4.693737437144674e-15]
[10.0, -8.668319114500914e-18, 8.113730042824041e-06, 7.699646126801515e-09, -1.718402112202109, 3.5680283882849906e-20, 2.686677384752029e-21, 1.6503878648738712e-13, 8.143023884641656e-08, -1.0945207136244303e-14, -5.301010309833291e-15]

After Selection
[10.0, -1.0094947654293635e-17, 8.428279212800551e-06, 6.538619796431147e-09, -1.2486049836655162, 3.431306502935476e-20, 2.883448217644215e-21, 1.3610736505830995e-13, 1.0563239599063873e-07, -1.0945207136244303e-14, -3.1526821522285184e-15]
[10.0, -1.1713365125521593e-17, 5.8725440754543646e-06, 5.557774733955837e-09, -1.2486049836655162, 3.6435359397887153e-20, 3.648605068624965e-21, 1.6421757997367341e-13, 1.0563239599063873e-07, -8.74426238403049e-15, -3.478756076240056e-15]
[9.065016361641407, -9.314576772334717e-18, 5.681808198076534e-06, 6.538619796431147e-09, -1.2486049836655162, 3.431306502935476e-20, 3.3183730000877873e-21, 1.3610736505830995e-13, 1.0563239599063873e-07, -8.756274436367583e-15, -3.562700096310279e-15]

After Crossover
[10.0, -1.0094947654293635e-17, 8.428279212800551e-06, 6.538619796431147e-09, -1.2486049836655162, 3.431306502935476e-20, 2.883448217644215e-21, 1.3610736505830995e-13, 1.0563239599063873e-07, -1.0945207136244303e-14, -3.1526821522285184e-15]
[10.0, -1.1713365125521593e-17, 5.8725440754543646e-06, 5.557774733955837e-09, -1.2486049836655162, 3.6435359397887153e-20, 3.648605068624965e-21, 1.6421757997367341e-13, 1.0563239599063873e-07, -8.74426238403049e-15, -3.478756076240056e-15]
[9.065016361641407, -9.314576772334717e-18, 5.681808198076534e-06, 6.538619796431147e-09, -1.2486049836655162, 3.431306502935476e-20, 3.3183730000877873e-21, 1.3610736505830995e-13, 1.0563239599063873e-07, -8.756274436367583e-15, -3.562700096310279e-15]
[9.50261988291136, -9.75156585345756e-18, 5.681808198076534e-06, 6.538619796431147e-09, -1.5044635848457089, 3.431306502935476e-20, 2.5250051212786644e-21, 1.3610736505830995e-13, 1.0563239599063873e-07, -9.908198757825866e-15, -4.551055576629777e-15]
[9.50261988291136, -1.0094947654293635e-17, 8.428279212800551e-06, 6.538619796431147e-09, -1.2486049836655162, 3.431306502935476e-20, 3.2638234994325692e-21, 1.3610736505830995e-13, 1.0563239599063873e-07, -1.0945207136244303e-14, -5.301010309833291e-15]
[9.065016361641407, -9.314576772334717e-18, 7.414734995531018e-06, 5.762290622412912e-09, -1.029574454057292, 3.431306502935476e-20, 3.3183730000877873e-21, 1.3610736505830995e-13, 1.0563239599063873e-07, -8.756274436367583e-15, -5.755949865599781e-15]
[10.0, -1.0094947654293635e-17, 5.8725440754543646e-06, 5.557774733955837e-09, -1.2486049836655162, 3.431306502935476e-20, 2.5250051212786644e-21, 1.6421757997367341e-13, 1.0563239599063873e-07, -1.0945207136244303e-14, -3.1526821522285184e-15]
[10.0, -8.647361413160864e-18, 7.414734995531018e-06, 4.868781635275596e-09, -1.3118085949586593, 3.431306502935476e-20, 2.1467443585527946e-21, 1.3610736505830995e-13, 1.3123711031517575e-07, -1.0945207136244303e-14, -4.551055576629777e-15]
[9.406531667806043, -1.1713365125521593e-17, 8.428279212800551e-06, 5.557774733955837e-09, -1.2486049836655162, 3.431306502935476e-20, 3.648605068624965e-21, 1.3610736505830995e-13, 1.0563239599063873e-07, -1.0945207136244303e-14, -3.1526821522285184e-15]
[9.406531667806043, -9.314576772334717e-18, 7.141306782887945e-06, 4.5135064976887695e-09, -1.2486049836655162, 4.117173671193141e-20, 2.5250051212786644e-21, 1.6421757997367341e-13, 1.0563239599063873e-07, -8.756274436367583e-15, -4.551055576629777e-15]

After Mutation
[10.0, -1.0094947654293635e-17, 8.428279212800551e-06, 6.538619796431147e-09, -1.2486049836655162, 3.431306502935476e-20, 2.883448217644215e-21, 1.3610736505830995e-13, 1.0563239599063873e-07, -1.0945207136244303e-14, -3.1526821522285184e-15]
[10.0, -1.1713365125521593e-17, 5.8725440754543646e-06, 5.557774733955837e-09, -1.2486049836655162, 3.6435359397887153e-20, 3.648605068624965e-21, 1.6421757997367341e-13, 1.0563239599063873e-07, -8.74426238403049e-15, -3.478756076240056e-15]
[9.065016361641407, -9.314576772334717e-18, 5.681808198076534e-06, 6.538619796431147e-09, -1.2486049836655162, 3.431306502935476e-20, 3.3183730000877873e-21, 1.3610736505830995e-13, 1.0563239599063873e-07, -8.756274436367583e-15, -3.562700096310279e-15]
[10.0, -1.080874492021027e-17, 6.557875787354993e-06, 7.690565777099463e-09, -1.5044635848457089, 2.6275024246103357e-20, 2.5250051212786644e-21, 1.0840770078488516e-13, 1.0563239599063873e-07, -9.908198757825866e-15, -4.551055576629777e-15]
[7.403410655147741, -9.381852764880425e-18, 1.0191243893356536e-05, 7.948646086947093e-09, -1.231104283164986, 3.431306502935476e-20, 3.0040434985118693e-21, 1.3565294168700435e-13, 1.0563239599063873e-07, -1.1077636097014322e-14, -5.301010309833291e-15]
[9.66038715213147, -8.13113682880879e-18, 6.871345500718167e-06, 5.762290622412912e-09, -1.1409546858639088, 3.431306502935476e-20, 3.2411241528409027e-21, 1.4305177684171208e-13, 9.498216182819186e-08, -1.0544005859981086e-14, -5.755949865599781e-15]
[10.0, -1.0094947654293635e-17, 5.8725440754543646e-06, 4.954230857672124e-09, -1.2486049836655162, 2.5767184541487753e-20, 2.5250051212786644e-21, 1.6421757997367341e-13, 1.1786248142223986e-07, -1.0945207136244303e-14, -3.8558665742607465e-15]
[10.0, -7.698054068854151e-18, 7.404760209308671e-06, 3.778323121831787e-09, -1.3118085949586593, 2.6442013430610444e-20, 2.4484929925719376e-21, 1.1138720111874594e-13, 1.3123711031517575e-07, -8.649202816061093e-15, -5.5029149351124805e-15]
[9.406531667806043, -1.1713365125521593e-17, 8.248393360647447e-06, 6.392828042846644e-09, -1.4761188159692387, 4.0697576109250135e-20, 3.648605068624965e-21, 1.3610736505830995e-13, 1.00112050587686e-07, -1.0945207136244303e-14, -3.2789740947457306e-15]
[10.0, -9.314576772334717e-18, 8.056792569301483e-06, 5.302455382678942e-09, -1.2486049836655162, 3.29362652466972e-20, 2.5250051212786644e-21, 1.6421757997367341e-13, 9.68510863540307e-08, -8.756274436367583e-15, -3.774653532885243e-15]

----------------------------------------------------------------------------------------------------------------------------------
Generation  4 :
Initial Population
[10.0, -1.0094947654293635e-17, 8.428279212800551e-06, 6.538619796431147e-09, -1.2486049836655162, 3.431306502935476e-20, 2.883448217644215e-21, 1.3610736505830995e-13, 1.0563239599063873e-07, -1.0945207136244303e-14, -3.1526821522285184e-15]
[10.0, -1.1713365125521593e-17, 5.8725440754543646e-06, 5.557774733955837e-09, -1.2486049836655162, 3.6435359397887153e-20, 3.648605068624965e-21, 1.6421757997367341e-13, 1.0563239599063873e-07, -8.74426238403049e-15, -3.478756076240056e-15]
[9.065016361641407, -9.314576772334717e-18, 5.681808198076534e-06, 6.538619796431147e-09, -1.2486049836655162, 3.431306502935476e-20, 3.3183730000877873e-21, 1.3610736505830995e-13, 1.0563239599063873e-07, -8.756274436367583e-15, -3.562700096310279e-15]
[7.403410655147741, -9.381852764880425e-18, 1.0191243893356536e-05, 7.948646086947093e-09, -1.231104283164986, 3.431306502935476e-20, 3.0040434985118693e-21, 1.3565294168700435e-13, 1.0563239599063873e-07, -1.1077636097014322e-14, -5.301010309833291e-15]
[9.66038715213147, -8.13113682880879e-18, 6.871345500718167e-06, 5.762290622412912e-09, -1.1409546858639088, 3.431306502935476e-20, 3.2411241528409027e-21, 1.4305177684171208e-13, 9.498216182819186e-08, -1.0544005859981086e-14, -5.755949865599781e-15]
[10.0, -9.314576772334717e-18, 8.056792569301483e-06, 5.302455382678942e-09, -1.2486049836655162, 3.29362652466972e-20, 2.5250051212786644e-21, 1.6421757997367341e-13, 9.68510863540307e-08, -8.756274436367583e-15, -3.774653532885243e-15]
[10.0, -1.0094947654293635e-17, 5.8725440754543646e-06, 4.954230857672124e-09, -1.2486049836655162, 2.5767184541487753e-20, 2.5250051212786644e-21, 1.6421757997367341e-13, 1.1786248142223986e-07, -1.0945207136244303e-14, -3.8558665742607465e-15]
[10.0, -7.698054068854151e-18, 7.404760209308671e-06, 3.778323121831787e-09, -1.3118085949586593, 2.6442013430610444e-20, 2.4484929925719376e-21, 1.1138720111874594e-13, 1.3123711031517575e-07, -8.649202816061093e-15, -5.5029149351124805e-15]
[9.406531667806043, -1.1713365125521593e-17, 8.248393360647447e-06, 6.392828042846644e-09, -1.4761188159692387, 4.0697576109250135e-20, 3.648605068624965e-21, 1.3610736505830995e-13, 1.00112050587686e-07, -1.0945207136244303e-14, -3.2789740947457306e-15]
[10.0, -1.080874492021027e-17, 6.557875787354993e-06, 7.690565777099463e-09, -1.5044635848457089, 2.6275024246103357e-20, 2.5250051212786644e-21, 1.0840770078488516e-13, 1.0563239599063873e-07, -9.908198757825866e-15, -4.551055576629777e-15]

After Selection
[10.0, -1.0094947654293635e-17, 8.428279212800551e-06, 6.538619796431147e-09, -1.2486049836655162, 3.431306502935476e-20, 2.883448217644215e-21, 1.3610736505830995e-13, 1.0563239599063873e-07, -1.0945207136244303e-14, -3.1526821522285184e-15]
[10.0, -1.1713365125521593e-17, 5.8725440754543646e-06, 5.557774733955837e-09, -1.2486049836655162, 3.6435359397887153e-20, 3.648605068624965e-21, 1.6421757997367341e-13, 1.0563239599063873e-07, -8.74426238403049e-15, -3.478756076240056e-15]
[9.065016361641407, -9.314576772334717e-18, 5.681808198076534e-06, 6.538619796431147e-09, -1.2486049836655162, 3.431306502935476e-20, 3.3183730000877873e-21, 1.3610736505830995e-13, 1.0563239599063873e-07, -8.756274436367583e-15, -3.562700096310279e-15]

After Crossover
[10.0, -1.0094947654293635e-17, 8.428279212800551e-06, 6.538619796431147e-09, -1.2486049836655162, 3.431306502935476e-20, 2.883448217644215e-21, 1.3610736505830995e-13, 1.0563239599063873e-07, -1.0945207136244303e-14, -3.1526821522285184e-15]
[10.0, -1.1713365125521593e-17, 5.8725440754543646e-06, 5.557774733955837e-09, -1.2486049836655162, 3.6435359397887153e-20, 3.648605068624965e-21, 1.6421757997367341e-13, 1.0563239599063873e-07, -8.74426238403049e-15, -3.478756076240056e-15]
[9.065016361641407, -9.314576772334717e-18, 5.681808198076534e-06, 6.538619796431147e-09, -1.2486049836655162, 3.431306502935476e-20, 3.3183730000877873e-21, 1.3610736505830995e-13, 1.0563239599063873e-07, -8.756274436367583e-15, -3.562700096310279e-15]
[9.66038715213147, -8.13113682880879e-18, 5.681808198076534e-06, 6.538619796431147e-09, -1.2486049836655162, 3.431306502935476e-20, 3.3183730000877873e-21, 1.3610736505830995e-13, 9.498216182819186e-08, -8.756274436367583e-15, -5.755949865599781e-15]
[9.66038715213147, -9.381852764880425e-18, 1.0191243893356536e-05, 7.948646086947093e-09, -1.2486049836655162, 3.431306502935476e-20, 2.5250051212786644e-21, 1.3565294168700435e-13, 1.0563239599063873e-07, -1.1077636097014322e-14, -5.301010309833291e-15]
[10.0, -1.1713365125521593e-17, 5.8725440754543646e-06, 5.557774733955837e-09, -1.2486049836655162, 3.431306502935476e-20, 3.648605068624965e-21, 1.6421757997367341e-13, 1.0563239599063873e-07, -8.74426238403049e-15, -3.562700096310279e-15]
[10.0, -7.698054068854151e-18, 5.8725440754543646e-06, 3.778323121831787e-09, -1.2486049836655162, 3.6435359397887153e-20, 2.4484929925719376e-21, 1.1138720111874594e-13, 1.1786248142223986e-07, -1.0945207136244303e-14, -5.5029149351124805e-15]
[10.0, -1.1713365125521593e-17, 8.248393360647447e-06, 5.557774733955837e-09, -1.4761188159692387, 4.0697576109250135e-20, 3.648605068624965e-21, 1.6421757997367341e-13, 1.0563239599063873e-07, -8.74426238403049e-15, -3.478756076240056e-15]
[9.065016361641407, -9.314576772334717e-18, 7.404760209308671e-06, 6.538619796431147e-09, -1.3118085949586593, 3.431306502935476e-20, 3.3183730000877873e-21, 1.6421757997367341e-13, 9.68510863540307e-08, -8.756274436367583e-15, -3.774653532885243e-15]
[10.0, -1.0094947654293635e-17, 8.428279212800551e-06, 6.538619796431147e-09, -1.3118085949586593, 3.431306502935476e-20, 2.5250051212786644e-21, 1.3610736505830995e-13, 1.1786248142223986e-07, -8.649202816061093e-15, -3.1526821522285184e-15]

After Mutation
[10.0, -1.0094947654293635e-17, 8.428279212800551e-06, 6.538619796431147e-09, -1.2486049836655162, 3.431306502935476e-20, 2.883448217644215e-21, 1.3610736505830995e-13, 1.0563239599063873e-07, -1.0945207136244303e-14, -3.1526821522285184e-15]
[10.0, -1.1713365125521593e-17, 5.8725440754543646e-06, 5.557774733955837e-09, -1.2486049836655162, 3.6435359397887153e-20, 3.648605068624965e-21, 1.6421757997367341e-13, 1.0563239599063873e-07, -8.74426238403049e-15, -3.478756076240056e-15]
[9.065016361641407, -9.314576772334717e-18, 5.681808198076534e-06, 6.538619796431147e-09, -1.2486049836655162, 3.431306502935476e-20, 3.3183730000877873e-21, 1.3610736505830995e-13, 1.0563239599063873e-07, -8.756274436367583e-15, -3.562700096310279e-15]
[9.417674317515681, -6.92110634228859e-18, 6.695979004632284e-06, 7.901549466065232e-09, -1.2486049836655162, 3.271817474467245e-20, 3.9948547873823114e-21, 1.3610736505830995e-13, 1.0268094242405687e-07, -1.0279235618057135e-14, -6.820844957904204e-15]
[10.0, -1.1354762371405668e-17, 9.903297260836899e-06, 8.492637243751006e-09, -1.0747354604480277, 3.287213451956934e-20, 2.709353118424785e-21, 1.6091170476891884e-13, 8.94163916934752e-08, -1.034129629469185e-14, -5.301010309833291e-15]
[8.801784262158254, -1.1713365125521593e-17, 5.8725440754543646e-06, 4.8167648317776385e-09, -1.2486049836655162, 3.961204051173904e-20, 3.648605068624965e-21, 1.6339973399906304e-13, 1.1219407331440653e-07, -1.0557376736828478e-14, -4.449437698683045e-15]
[10.0, -7.698054068854151e-18, 5.8725440754543646e-06, 4.612696499249762e-09, -1.5270127931726176, 4.230341287972256e-20, 2.4703182567583276e-21, 1.1433422804033788e-13, 1.3516584287670884e-07, -1.3131015318989034e-14, -4.834391968233943e-15]
[10.0, -1.2171277082426022e-17, 9.540583703901372e-06, 5.90772383190311e-09, -1.6891747889863447, 4.0697576109250135e-20, 3.3803241414946304e-21, 1.933364970068564e-13, 9.023991524439354e-08, -7.95714656387317e-15, -3.011232418021963e-15]
[10.0, -9.314576772334717e-18, 5.642545544480902e-06, 5.820912363690169e-09, -1.3910264483886112, 3.550937215704172e-20, 3.3513067351956254e-21, 1.8156689289883163e-13, 9.68510863540307e-08, -8.756274436367583e-15, -4.063380705369159e-15]
[10.0, -1.1334402024839014e-17, 8.428279212800551e-06, 6.538619796431147e-09, -1.2575305381188369, 3.979782682024432e-20, 2.629012387163023e-21, 1.3610736505830995e-13, 9.844633444464142e-08, -6.684071451630166e-15, -3.1526821522285184e-15]

----------------------------------------------------------------------------------------------------------------------------------
Generation  5 :
Initial Population
[10.0, -1.0094947654293635e-17, 8.428279212800551e-06, 6.538619796431147e-09, -1.2486049836655162, 3.431306502935476e-20, 2.883448217644215e-21, 1.3610736505830995e-13, 1.0563239599063873e-07, -1.0945207136244303e-14, -3.1526821522285184e-15]
[10.0, -1.1713365125521593e-17, 5.8725440754543646e-06, 5.557774733955837e-09, -1.2486049836655162, 3.6435359397887153e-20, 3.648605068624965e-21, 1.6421757997367341e-13, 1.0563239599063873e-07, -8.74426238403049e-15, -3.478756076240056e-15]
[9.065016361641407, -9.314576772334717e-18, 5.681808198076534e-06, 6.538619796431147e-09, -1.2486049836655162, 3.431306502935476e-20, 3.3183730000877873e-21, 1.3610736505830995e-13, 1.0563239599063873e-07, -8.756274436367583e-15, -3.562700096310279e-15]
[9.417674317515681, -6.92110634228859e-18, 6.695979004632284e-06, 7.901549466065232e-09, -1.2486049836655162, 3.271817474467245e-20, 3.9948547873823114e-21, 1.3610736505830995e-13, 1.0268094242405687e-07, -1.0279235618057135e-14, -6.820844957904204e-15]
[8.801784262158254, -1.1713365125521593e-17, 5.8725440754543646e-06, 4.8167648317776385e-09, -1.2486049836655162, 3.961204051173904e-20, 3.648605068624965e-21, 1.6339973399906304e-13, 1.1219407331440653e-07, -1.0557376736828478e-14, -4.449437698683045e-15]
[10.0, -1.1334402024839014e-17, 8.428279212800551e-06, 6.538619796431147e-09, -1.2575305381188369, 3.979782682024432e-20, 2.629012387163023e-21, 1.3610736505830995e-13, 9.844633444464142e-08, -6.684071451630166e-15, -3.1526821522285184e-15]
[10.0, -1.1354762371405668e-17, 9.903297260836899e-06, 8.492637243751006e-09, -1.0747354604480277, 3.287213451956934e-20, 2.709353118424785e-21, 1.6091170476891884e-13, 8.94163916934752e-08, -1.034129629469185e-14, -5.301010309833291e-15]
[10.0, -7.698054068854151e-18, 5.8725440754543646e-06, 4.612696499249762e-09, -1.5270127931726176, 4.230341287972256e-20, 2.4703182567583276e-21, 1.1433422804033788e-13, 1.3516584287670884e-07, -1.3131015318989034e-14, -4.834391968233943e-15]
[10.0, -9.314576772334717e-18, 5.642545544480902e-06, 5.820912363690169e-09, -1.3910264483886112, 3.550937215704172e-20, 3.3513067351956254e-21, 1.8156689289883163e-13, 9.68510863540307e-08, -8.756274436367583e-15, -4.063380705369159e-15]
[10.0, -1.2171277082426022e-17, 9.540583703901372e-06, 5.90772383190311e-09, -1.6891747889863447, 4.0697576109250135e-20, 3.3803241414946304e-21, 1.933364970068564e-13, 9.023991524439354e-08, -7.95714656387317e-15, -3.011232418021963e-15]

After Selection
[10.0, -1.0094947654293635e-17, 8.428279212800551e-06, 6.538619796431147e-09, -1.2486049836655162, 3.431306502935476e-20, 2.883448217644215e-21, 1.3610736505830995e-13, 1.0563239599063873e-07, -1.0945207136244303e-14, -3.1526821522285184e-15]
[10.0, -1.1713365125521593e-17, 5.8725440754543646e-06, 5.557774733955837e-09, -1.2486049836655162, 3.6435359397887153e-20, 3.648605068624965e-21, 1.6421757997367341e-13, 1.0563239599063873e-07, -8.74426238403049e-15, -3.478756076240056e-15]
[9.065016361641407, -9.314576772334717e-18, 5.681808198076534e-06, 6.538619796431147e-09, -1.2486049836655162, 3.431306502935476e-20, 3.3183730000877873e-21, 1.3610736505830995e-13, 1.0563239599063873e-07, -8.756274436367583e-15, -3.562700096310279e-15]

After Crossover
[10.0, -1.0094947654293635e-17, 8.428279212800551e-06, 6.538619796431147e-09, -1.2486049836655162, 3.431306502935476e-20, 2.883448217644215e-21, 1.3610736505830995e-13, 1.0563239599063873e-07, -1.0945207136244303e-14, -3.1526821522285184e-15]
[10.0, -1.1713365125521593e-17, 5.8725440754543646e-06, 5.557774733955837e-09, -1.2486049836655162, 3.6435359397887153e-20, 3.648605068624965e-21, 1.6421757997367341e-13, 1.0563239599063873e-07, -8.74426238403049e-15, -3.478756076240056e-15]
[9.065016361641407, -9.314576772334717e-18, 5.681808198076534e-06, 6.538619796431147e-09, -1.2486049836655162, 3.431306502935476e-20, 3.3183730000877873e-21, 1.3610736505830995e-13, 1.0563239599063873e-07, -8.756274436367583e-15, -3.562700096310279e-15]
[8.801784262158254, -9.314576772334717e-18, 9.540583703901372e-06, 6.538619796431147e-09, -1.2486049836655162, 3.431306502935476e-20, 2.629012387163023e-21, 1.6339973399906304e-13, 9.844633444464142e-08, -8.756274436367583e-15, -4.449437698683045e-15]
[9.065016361641407, -9.314576772334717e-18, 8.428279212800551e-06, 6.538619796431147e-09, -1.3910264483886112, 3.431306502935476e-20, 2.883448217644215e-21, 1.3610736505830995e-13, 1.0563239599063873e-07, -8.756274436367583e-15, -3.562700096310279e-15]
[9.065016361641407, -9.314576772334717e-18, 5.681808198076534e-06, 6.538619796431147e-09, -1.5270127931726176, 4.230341287972256e-20, 3.3803241414946304e-21, 1.3610736505830995e-13, 1.0563239599063873e-07, -8.756274436367583e-15, -3.011232418021963e-15]
[10.0, -1.0094947654293635e-17, 8.428279212800551e-06, 6.538619796431147e-09, -1.2486049836655162, 3.271817474467245e-20, 2.883448217644215e-21, 1.3610736505830995e-13, 1.0563239599063873e-07, -6.684071451630166e-15, -3.1526821522285184e-15]
[10.0, -1.1334402024839014e-17, 5.681808198076534e-06, 5.557774733955837e-09, -1.2575305381188369, 3.979782682024432e-20, 3.648605068624965e-21, 1.6421757997367341e-13, 1.0563239599063873e-07, -8.74426238403049e-15, -3.011232418021963e-15]
[10.0, -9.314576772334717e-18, 8.428279212800551e-06, 6.538619796431147e-09, -1.2486049836655162, 3.6435359397887153e-20, 2.883448217644215e-21, 1.3610736505830995e-13, 1.1219407331440653e-07, -8.756274436367583e-15, -3.562700096310279e-15]
[10.0, -9.314576772334717e-18, 6.695979004632284e-06, 7.901549466065232e-09, -1.2486049836655162, 3.961204051173904e-20, 3.3513067351956254e-21, 1.3610736505830995e-13, 1.0268094242405687e-07, -6.684071451630166e-15, -4.449437698683045e-15]

After Mutation
[10.0, -1.0094947654293635e-17, 8.428279212800551e-06, 6.538619796431147e-09, -1.2486049836655162, 3.431306502935476e-20, 2.883448217644215e-21, 1.3610736505830995e-13, 1.0563239599063873e-07, -1.0945207136244303e-14, -3.1526821522285184e-15]
[10.0, -1.1713365125521593e-17, 5.8725440754543646e-06, 5.557774733955837e-09, -1.2486049836655162, 3.6435359397887153e-20, 3.648605068624965e-21, 1.6421757997367341e-13, 1.0563239599063873e-07, -8.74426238403049e-15, -3.478756076240056e-15]
